5.438183035550786526e-02	6.480780614556420627e-01
-2.939120491444969785e-01	9.837679923616948763e-02
4.453354457072360439e-01	4.706344690683663678e-01
1.214180754170064214e+00	9.397087246613127220e-01
-3.136869710561988045e-01	-1.745590715297232198e-02
-2.490306852840047380e-01	-8.208897468629185179e-02
9.267729318758275436e-01	1.306571249688125658e+00
4.079180146457439537e-01	6.773985875584224159e-01
-5.546122745525117192e-01	-1.093247692234781132e-01
4.971884203077926445e-01	2.701073517332161500e-01
-6.071472763010006268e-01	-4.822430991803217104e-02
-3.712378730812014305e-01	-2.874034608185351836e-01
-2.691361477136874347e-01	6.113224737449748369e-01
-1.206694621403097578e+00	-1.499092249212473860e+00
-1.587954629493327996e+00	-8.514475632258056148e-01
-4.395805420198351521e-01	-3.556141077860066613e-01
-5.779931270624054651e-01	-8.543663797080729427e-01
3.248541062218783249e-01	1.195587334739267732e-01
-5.741140550939758391e-01	-7.100259074694120764e-01
-1.088628709423806518e+00	-9.086703391942836383e-01
9.254600276316822249e-01	1.147280339052609843e+00
-3.794780415972554000e-02	-2.813481020507564434e-01
5.291604065841647164e-02	4.258326225395183545e-02
-1.461893273267584892e+00	-5.530049346419532164e-01
-7.514039631837803324e-01	-1.846946896134937788e-02
-1.412411231499270670e-02	1.709923430562316493e-01
-8.219371188338966405e-01	-8.058136085610508870e-01
2.401961269273824306e-01	2.911211059737627282e-01
-5.548625063538412672e-01	-2.945688750153406810e-01
1.070843907113483429e-02	-4.232256960882510577e-01
-3.708730173130828089e-01	-4.800686342712990884e-01
1.663718598995792552e+00	9.557983308245612264e-01
-9.423199229959031142e-02	7.514403402080653549e-02
-8.852055617159022560e-01	-6.106235790837771793e-01
6.841264123994853508e-01	4.791277579578299139e-01
-1.197159837809119942e+00	-5.293738095169713276e-01
4.077130281072371965e-01	-1.123352993655106769e-01
-1.075055211085390594e+00	-1.696336855882751404e+00
-9.867827827394702878e-01	-8.915559409674249647e-01
-8.292117826797174018e-02	3.613250079396150838e-01
1.649597194970926495e-01	8.793897332916928988e-01
2.185197259260365232e-01	2.383162149338588498e-02
-3.105984443258694161e-01	1.470470749072661509e-01
-2.047435850163964455e-01	-2.210813449666356456e-01
-1.008853145200415913e+00	-1.082092705844062364e+00
-6.964593013716727787e-01	-3.215541409358486646e-01
-4.640993778778796930e-01	-1.873422193683255688e-01
1.081901569906270177e+00	4.130950194985594237e-01
-7.024668550243939880e-02	5.561963308896029634e-01
-1.539419235913550121e+00	-9.538960628087969074e-01
3.618638609213423729e-01	9.646008394448374323e-02
-3.562569005505135666e-01	-1.883316830438005463e-01
-5.834557652001189920e-01	-3.738565083012921897e-01
3.772231954829434186e-01	4.878177079778546199e-01
8.457641055587803436e-01	6.122894019551784472e-01
8.009873187729830146e-01	5.160416560495765248e-01
-5.879955644958146932e-01	-5.988372386267986069e-01
-4.674195603949610756e-01	3.012722481256657758e-02
1.189236120342512248e-01	3.495536253749184086e-01
7.684337469686153277e-01	6.111954025148100822e-01
-5.025293703500081088e-01	-1.751253355505920928e-01
4.729864196767874507e-01	-7.355478624510677355e-01
-1.025986967401793848e+00	-5.386069573652167986e-01
-4.767967924984094497e-01	-1.214894838677009758e+00
6.514278531378510095e-01	4.976571846703763957e-01
1.196524373673237829e+00	7.214886685648937981e-01
2.237245700041358698e-01	-3.255622605711794848e-01
4.633563693017338503e-01	9.558534651847411245e-01
3.549296929375501675e-01	1.565008783275103066e-01
-5.296731265024600122e-01	-3.826639798149096272e-01
2.654986411968187077e-01	2.455919254952170783e-01
9.863604447112681584e-01	1.188751727010653569e+00
-4.162921923138543367e-02	-9.036451164016960635e-03
1.378533889746599073e+00	8.342063885865894646e-01
-2.063779635252783962e+00	-1.641099420911448004e+00
6.859144227805858973e-01	4.764312458552676932e-01
3.917524570379813387e-01	-2.686493125707433705e-01
-1.206131851047073655e-01	-3.022470651733675795e-01
-2.534745601316902297e-01	3.832438948020844838e-01
-1.585782725398084736e+00	-1.225064189781669866e+00
-8.137119497146713676e-02	-2.292917680804436031e-01
3.266054682944838916e-01	1.784279736313596487e-01
1.113257998646869140e+00	9.767998031770127598e-01
-8.070171604257360132e-01	7.407238876907962233e-02
-6.527120536262613903e-01	-4.906705646771720164e-01
-4.460214175031713135e-01	-2.635701985503083877e-01
4.287309198725985926e-01	8.658431700067269476e-01
1.818073088765210232e-01	2.831169690494093616e-01
-3.196458951095603185e-01	-4.295481698633204504e-01
4.045869754485498238e-01	3.212827895847837900e-01
8.383311426692559298e-02	5.345527262301652538e-02
6.928314701222967331e-01	6.770394126140735214e-01
-6.507800387828861499e-01	-3.420729680844573073e-01
-2.427115122301476136e-01	-2.206727393646974733e-01
-4.326787640687334013e-01	-1.218459040078302691e-01
-1.017738771847409796e+00	-1.051983916536789021e+00
1.927076130654803154e-01	2.260696988529216911e-01
6.084763294841759595e-01	-2.392884230383768018e-01
-1.907666939041201271e-01	1.979982136384951241e-01
-2.393794580618181511e-01	-9.237684751554074702e-02
-1.212528164509231177e+00	-7.891083346845362279e-01
3.169473851888404137e-01	-9.118297055924192707e-01
-6.853469332698197691e-01	2.006754159755241851e-01
-5.376842656628826322e-01	-5.969071292539817053e-01
-3.491272957803853716e-01	1.210348549253188050e-01
5.063044606577588036e-01	6.510974093783084005e-02
1.203745866243254081e+00	1.463723816405596567e+00
3.469083417363706401e-01	-1.000180311401522998e-01
3.144370063778182400e-01	4.979424917680488893e-02
-4.586685767867611507e-01	3.533861530469625256e-01
-1.316326292293697353e+00	-1.397225983473312949e+00
-6.487261884915376808e-02	2.737633659780022710e-02
-1.419800478568934432e-01	2.271584276200718788e-01
1.636625194153588758e+00	1.846925208731656110e+00
-1.679284109860220697e-01	-1.041110742786146848e-01
1.358062506991261631e-01	2.906460905266311512e-01
-5.343863652449889479e-01	4.852965097538624595e-01
-8.141573727926804116e-01	-8.386029580564360320e-01
7.654382119515759086e-01	8.507573117249581651e-01
3.088194919808523453e-01	7.545744008411154891e-01
3.248265886976840489e-01	7.938615190809888977e-01
-8.948411895720402853e-01	-3.912268824506294762e-01
8.564302284691384104e-01	1.127420511276513437e+00
-7.487904352976116895e-01	-1.233726350130369243e+00
6.846747668538960552e-02	7.614737845418122486e-01
1.792062607194100154e+00	1.305709446602816737e+00
-7.646136294209323614e-01	-6.362162756020925958e-01
-2.404268942424853950e-01	-5.604390353028464444e-01
8.406995395096691914e-02	5.685835806496803563e-02
-4.257520881053447059e-01	-2.862700102704495708e-01
-1.164654787313295303e+00	-1.028314467576426416e+00
-4.102156350926942224e-02	1.379842523565981138e-01
-1.093482014023937188e+00	-4.088423052868259688e-01
2.386712651903847571e-01	4.310895732511283440e-01
-5.983376670682584164e-01	-7.019245545596832780e-01
8.914553558767489561e-01	1.300482900487728966e+00
-8.061685090196100134e-01	-3.015189197756750206e-01
3.268306114803626317e-02	-4.881468252845450606e-01
4.485158488724586556e-01	7.019712331557494966e-01
-1.019093705132355421e+00	-7.216113046096329642e-01
2.239612135246714653e-01	9.771571088898564628e-02
6.324580205468114391e-01	1.216120990517120415e+00
-1.104830698858241256e+00	-1.168493892745617879e+00
1.039170648627046611e-01	1.571946419469553435e-01
2.204789643018038037e-01	1.470508079517333089e-01
5.495274392636918526e-01	5.561370693772618168e-01
-6.421011712585718012e-01	-1.107211300052252767e+00
-6.282229020736836977e-01	-1.239184748675342451e+00
3.082281757803301270e-02	7.073140232836303554e-01
3.896675101912941419e-01	3.033224251201943611e-02
3.874312690534217340e-01	-3.318088281678918672e-02
7.017789038260261458e-01	-2.118271472955278734e-01
-3.453058365896284343e-01	-6.163943474156612368e-01
4.448978937293374680e-01	-1.164415652929527145e-01
-1.410904831144514648e-01	5.555575496116733625e-01
-7.193372853263423350e-01	-2.909081783469992799e-01
1.465280541660782587e+00	1.173323076330163417e+00
-1.427633181177488386e-01	8.128642611700569454e-01
-1.050642691339243040e+00	-6.341148713072410903e-01
5.331606510838261537e-01	3.953463666711330982e-01
-1.589999995389151932e-01	-1.219408037493023400e+00
7.057055215745416943e-02	1.042535169190174749e+00
1.114023624828486936e+00	5.244779563092925034e-01
-2.312682489876716208e-01	-9.293518160251112992e-01
4.642898478074456436e-01	8.981297398363699003e-01
-2.256694487003422789e-01	8.094298338628758138e-01
2.876357045811014368e-01	8.749329227697026923e-01
1.221611991713074774e+00	1.460858369370252374e+00
-2.996820492877202424e-01	-4.734915240872153430e-02
-7.140087316778176429e-01	-3.519351744076202326e-01
-7.899747508338610391e-01	-4.679886194691218471e-01
-6.365146934708653115e-01	-5.172152758507169157e-01
-7.662353373123652334e-02	-3.241474940433897167e-02
2.545088823660599520e-01	2.279528672500024111e-01
3.555899825668289438e-01	3.570989842953642412e-02
6.444470597260585354e-01	5.253667096285277172e-01
3.683240989871816029e-01	-3.499366471569369530e-01
1.048664787733445625e+00	1.006942817553892588e+00
2.257120123622310959e-02	-3.968524841760551203e-01
2.157556710624570329e+00	1.689343416715587853e+00
4.042523121187111546e-01	4.805749366245644638e-01
-9.013901975176774606e-01	-3.108136438568106508e-01
-9.520397171149492799e-01	-5.624309774866789180e-01
6.743130045577624410e-01	8.006028550053723158e-03
5.191977901982477994e-02	-3.679438807133106337e-01
3.053068851716462806e-01	7.044422971144811418e-01
5.430465829689374857e-01	1.262124839281965893e-01
-3.845930913460235412e-03	-9.914970509877481242e-02
-7.154572510801852081e-01	-4.820899095444921567e-01
-8.657418658694564506e-01	-1.276575624204536519e+00
-3.380872709978087198e-01	-2.933802300177449363e-01
8.885549369858314339e-01	3.225758527463898351e-01
2.789564799913089588e-01	2.381779657686067253e-02
-9.487063302542360077e-01	-8.130343457743531843e-01
4.603824084519112514e-01	-2.154675943688403872e-01
1.790217298693427828e-01	3.658993343612421123e-01
-6.208157805033872600e-01	-6.291473929765676321e-01
-8.500753139040251316e-03	2.259008828444467598e-01
-6.339581242845733489e-03	8.865914031753574509e-02
-1.097579932848412820e+00	-5.188241637332700051e-01
2.264297402271915893e-01	2.795579972230203825e-01
4.876252123820883910e-01	3.054438703768411756e-01
7.398896603068658706e-01	7.917760965366519299e-01
6.298996608611042713e-01	8.604014931832535407e-01
-9.845241384324111555e-01	-9.637945661984768098e-01
-6.717532433235566813e-01	-6.545316472574992384e-01
5.130998548288927541e-01	2.152700051580448415e-01
5.039240501849193699e-01	2.226790097518834555e-01
6.617312213267172449e-01	6.665620191617899204e-02
2.353151289338781371e+00	3.095433836927036886e+00
6.675437900103344813e-01	1.398173128420446276e-01
9.499535538784121824e-01	6.559787754298769258e-01
8.269783109712676161e-01	5.221839214886688785e-01
2.707610423279522283e-01	6.504452996798884001e-01
-1.603607454960239709e-01	-2.854972960734740162e-01
2.719862182948509233e-01	8.013583467504639124e-01
-4.036010136309453600e-01	-6.893388861119854605e-01
-2.266396419429835274e-01	-1.082724435310374600e-01
-1.659999862094679590e-01	-5.204077258119725879e-01
-3.971610893076097937e-01	5.129486076353724222e-01
1.888638437253029823e+00	1.384783099999714828e+00
-1.386078777501298820e+00	-1.254632982409160435e+00
3.508148551922858349e-01	6.197036133520932299e-01
-1.228142373002421683e+00	-1.052582284288325010e+00
-2.944007745389458641e-01	-3.730116705765102458e-01
7.975434806287301504e-01	7.424652223567971276e-01
3.615902071814465490e-02	5.474665407626033015e-02
-7.308968072023520612e-01	-7.932644745220521765e-01
-7.102657413445484513e-01	-3.013264655066798525e-01
1.162543543259642043e-02	9.494709180690479311e-01
-3.981853315491156176e-01	-6.347090645300146328e-01
4.436384292644612870e-01	-1.375197561854809847e-01
5.095160754099771483e-02	1.349670651327113807e-02
-1.007990014259272593e+00	8.648796542810305299e-02
1.686482525110324593e+00	1.345512282983185148e+00
1.005392569183128360e-01	7.959576218901114331e-01
-1.787886142625952246e+00	-1.076097969164566681e+00
2.492769102640114698e-01	1.440931044589516263e-02
-5.886532350368924860e-01	-3.472541588335061880e-01
2.573263031412333923e-01	9.481964799465116833e-01
-4.799716494002760903e-01	-6.408219273531894356e-01
-3.794499986702391109e-02	-1.243168317538914519e-01
4.804730850019864885e-01	2.336867737580617110e-01
8.274437783034542804e-01	3.969189589868838408e-01
-7.110051623664896958e-01	-9.864702953594861601e-01
2.310884654004383143e-02	-4.961650308968743039e-01
-3.430672456744035537e-01	-3.286068547549303442e-01
-2.986375427961701634e-01	-6.253095186043793330e-01
1.198771184105372756e+00	1.297958146249243327e+00
6.164206227517849968e-01	-4.368999459774108862e-02
-9.617698911874462686e-01	-8.213892976117929123e-01
4.722082126348045028e-01	8.258446012762354904e-01
1.923526235471366475e+00	1.077655839818009387e+00
6.507138059492723059e-01	8.094125682012308642e-01
-1.334784726946353306e+00	-8.139288851681600878e-01
-8.580158646992080973e-02	-5.990088067406935668e-01
5.410352817232100264e-01	1.250647647778195370e+00
-5.892852328683403362e-01	-4.115105230870601538e-01
4.633833264716387124e-01	1.642721280574288567e-01
5.595794000155913661e-01	5.359185842202214278e-01
-7.738778459302243506e-01	-5.369997983523893126e-01
-5.821396122617878560e-02	-2.596760462150640714e-02
-2.406209520500439680e+00	-2.177634711102209852e+00
-5.290470854734280470e-01	-9.196558100289102811e-01
-2.145195087048299420e-01	-1.426657964188784711e-01
-5.824218171909010255e-01	-1.182210081644844646e+00
1.177883713362934737e+00	1.130694492028332387e+00
-8.195148995576093665e-01	-1.203010433265264023e+00
-1.551289775158979645e-01	-4.671879036184834466e-01
-1.697674111356743398e-01	3.546625086861525666e-01
7.876322802467744522e-01	1.250635952236604398e+00
-1.144525572739893970e+00	-8.860901551562765377e-01
1.054195505702142377e+00	5.907664478561787114e-01
7.435623496042081948e-02	-5.988450128192938232e-02
-9.513683059183921653e-01	-4.366945399801414052e-01
2.966938030683405336e-01	3.568191974545034117e-01
-3.512476330572690264e-01	6.327605542591299148e-01
-5.078527374408172701e-01	-3.409821106023761539e-01
8.617757860106142753e-03	9.009729741469804654e-02
-2.068843528201310400e-01	-3.380313616285294809e-01
5.194058080825036949e-02	1.085971884106536889e-01
5.005408265547807156e-01	4.358533534161290746e-01
9.712707116412158115e-01	1.271695779903336598e+00
-1.078214941812973393e+00	-6.723205243435745881e-01
1.675015906956569989e+00	1.341548820476773374e+00
-1.097937365873976390e+00	-1.662731675153797051e+00
2.821897113090490739e-01	-4.968462512744602488e-01
3.082418525808268139e-01	5.237643198071139095e-01
4.327506579418148869e-01	-3.536814767438481444e-02
1.638200812207946111e-02	-8.970121143355771487e-01
-2.295946244297887850e-01	-6.473468465707854502e-02
-8.774493633100217682e-01	1.802407552528884072e-01
-4.154559814122606998e-01	-4.180316510429659682e-01
4.228886503407428554e-01	7.786301578870122864e-01
2.350894428157571103e-01	2.698066994132342078e-01
-4.689834102498418034e-01	-5.109387368662274831e-01
4.411476082085049599e-01	8.310787363383451698e-01
2.788701046477163326e-01	1.557170454867386200e-01
5.180578408454722394e-01	6.315027919559156322e-01
3.769724136786079538e-01	5.134572338310300355e-01
-4.444646067277144286e-01	-7.279113808579122935e-01
-6.065517739898642624e-01	-1.856638504409579837e-01
5.655309448382220827e-01	4.913018066017788565e-01
5.919147118605257996e-01	2.712791955847461134e-01
-1.285905833982468049e-01	9.903126573893290818e-02
2.735568291375432559e-01	-1.076308524245170872e-01
8.974673856527801696e-01	9.094236381392174495e-01
-4.163697092923391296e-01	-4.202385719111793039e-01
1.565030327167616642e-01	6.172095036727087702e-01
-2.436704974881068464e-01	-4.227309379609549278e-02
-1.486148352664642680e-01	-1.592328746111645876e-01
6.034781343738445658e-01	9.504269917280545599e-01
2.887499421216163098e-01	8.785650532217392783e-01
4.569087451055073301e-01	6.935676152477956435e-01
9.209167949258610930e-01	9.253090395424413694e-01
2.931344475597950083e-01	-2.634305298608105583e-01
7.081582986214958186e-01	2.562688422844719982e-01
-1.546437900935353493e-01	-2.841396650344421015e-01
3.585172894859185444e-01	9.992316266825357340e-02
-5.236243339923127987e-02	-1.316876391362073462e-01
5.656924077954807867e-02	8.060376840861993575e-02
3.084747669919488677e-01	5.332043701225634980e-01
-5.636143444121939350e-01	-5.935244428307629994e-01
1.376338648083262228e+00	1.582743814928007753e+00
-7.250388012275544858e-01	-6.976846236723921457e-01
-4.395012602188545503e-01	-1.277620743264530567e+00
1.018171180051107072e+00	6.196449239844405987e-01
5.903556456342071712e-01	5.292244729929976854e-01
6.979343616590855115e-01	1.847043481618870775e-01
3.170432685662021299e-01	5.715714724915718081e-01
-3.333810642848586969e-01	3.160615120294494873e-01
-8.929930815228990237e-01	-3.759162195309112553e-01
9.887998757283666951e-02	8.323846714431627769e-03
-7.950564062476905836e-01	-1.625948700925148316e-01
6.579766458296981702e-01	7.210509061073224757e-01
-3.247853887757391755e-02	-1.754920044898248821e-01
-4.535923108061642450e-01	-7.138370205987774053e-01
-1.630905980844403191e-01	-2.914176179359150298e-01
3.743313696904936316e-01	2.096418932765398702e-01
-4.347641939488151031e-01	-3.624627140692738836e-01
-6.154605025996531253e-01	-5.473347320701653640e-01
1.716667212825384869e-01	1.729590381862046167e-01
8.052894075892967629e-02	2.659061064310592748e-01
-6.110371734499440155e-01	-1.058887405123900005e-01
-5.345052305836243134e-01	-1.316435296190505977e-01
4.790785111378146333e-01	-1.509103425788183017e-01
-4.821817716713694413e-01	-1.565718743534258994e+00
-1.193426362646546224e+00	-7.970279956256040022e-01
-2.180580217391900333e-01	-7.979755397645815762e-01
-1.032499864440701576e-01	-1.986098703567318324e-01
4.680633046009357034e-01	-2.837360868783500578e-02
1.425492161764259746e+00	6.609766095772591221e-01
4.915953454540349377e-01	7.213185255780593108e-01
-2.741347476569757635e-01	4.794750943668149579e-02
1.088498345730866540e-01	-1.357428136939756447e-01
-1.592522395389953660e-01	-1.258538384609075855e+00
1.027851820622027318e-01	-1.289667100646980646e-01
-2.872266617633663088e-01	-1.209983002936514673e-01
5.419210021464495597e-01	-8.552803728680341555e-02
-6.238371225952924481e-01	-5.460440969910949072e-01
3.704811514562793562e-01	3.639857325547782296e-01
9.609237948771243154e-01	1.206696363468116484e+00
-1.022718653174296555e-01	-5.153821167596960018e-02
4.904721767760952256e-01	7.763398878047941820e-02
2.341743496336206043e-01	7.418366434345395888e-01
-2.500765155895478542e-01	-3.173349172531348961e-01
1.642494810144634054e-01	1.526651459876740835e-01
2.068802027416618006e-01	-1.890718587732099498e-01
1.631017973828710332e-01	-2.496693409542224962e-02
-3.589054603575428382e-01	-7.342954598179526338e-01
5.401870995196657310e-02	-1.935608909884186865e-02
-1.097023335798003041e-02	7.152461708759216830e-01
1.317137665932686774e+00	7.350893051620845942e-01
1.020594968009117753e+00	3.360188442294244626e-01
1.210447562382987563e+00	1.834612271293686092e+00
-4.981924077720140676e-01	-5.870009227182069189e-01
7.587555987782029776e-01	4.748920764101138836e-01
-9.095472133970128326e-02	3.502394724075641452e-01
1.676894960022375036e+00	1.419954047058442193e+00
-9.589083540845497744e-01	-1.841980435076234213e-01
-7.375828031462254852e-01	-4.499632146867477145e-01
-3.203329645913809975e-01	-5.273362437822430859e-01
-1.959455249205420246e+00	-1.044186889179736788e+00
-2.432734022168820398e-01	-5.002564799298108156e-01
-6.942100537552926554e-01	-3.793656518543316869e-01
4.285492231637297311e-02	1.698340102149232256e-01
-3.448305994226807947e-02	5.177989959083779681e-01
9.954065762427255493e-01	1.657899669905292361e+00
6.652620357335494727e-01	6.788402462318546826e-01
-2.481084214535202725e-01	-5.677565525668681889e-01
-7.328499328566545623e-01	-5.377002799991601467e-01
4.916045220677373040e-01	2.040742418680996650e-01
-1.360649786196137079e+00	-5.064419206677810426e-01
1.266073395255112866e+00	1.324000430343204915e+00
9.114865112394168190e-01	7.564937034915877323e-01
-3.709338941594620409e-01	-2.925806761822524749e-01
-9.256004022726461722e-01	-1.497137682937318415e+00
1.163442799231573010e+00	7.512218740354152935e-01
-3.356381456556279952e-01	1.736543430672602972e-01
1.014616627814754368e+00	7.359199883047612412e-01
-9.053472530989663536e-01	-1.349513966190809100e+00
-5.376633833407964413e-01	-3.099809030681142663e-01
-2.478179788437470665e-01	2.552336901022137505e-01
-1.192927319631166272e-01	1.857333248335557296e-01
-5.295379687664319990e-01	-1.069507249553557360e-01
6.009618925533406486e-01	2.798809290956568718e-01
-4.533100561447689358e-01	-1.056533234554683398e+00
-4.191584611967916763e-01	2.178034624759815352e-01
1.535125875898401271e-01	1.661112627136622499e-02
4.169729061328947273e-01	3.105534700043901530e-01
2.214351805597776224e-01	7.849402312200071119e-01
-9.132362530103804721e-01	-6.772478460823820878e-01
-1.181490933771215168e+00	-9.880741327118556239e-01
4.441875931200126582e-01	1.362720296738612280e+00
3.714923227097666758e-01	9.847065999838702788e-02
-7.260845195529430640e-01	-3.324352916990004347e-01
1.084735770373476349e+00	1.108924390712294761e+00
2.481729179218718218e-02	1.387713448473214539e-01
5.096519191419820460e-01	1.158126152629481487e+00
-5.998545603991164987e-02	1.554710081609234351e-01
1.342978989665521761e+00	1.571358674334796479e+00
1.013700249660070218e+00	1.468726576310523502e+00
-9.862607270019309313e-02	-2.534624026235816618e-01
8.650276618075027901e-01	5.089811538398717472e-01
6.779872102078624563e-01	2.347122105248680146e-01
1.384895878850616935e+00	5.506414317034434847e-01
-1.118491323833661344e+00	-2.461165207707029512e-01
7.191374745468871454e-01	2.510858046687685641e-01
7.953541133051139633e-01	7.014841507453566383e-01
-1.184895648748105934e+00	-1.302337585632554307e+00
-9.019009263835715551e-01	-7.714793100217841593e-01
-1.614998895703802839e+00	-1.268910906912153358e+00
-3.730333911288742366e-01	-7.965407938622409700e-03
6.310683980919109537e-01	3.836895916305234633e-01
1.097778728431099582e+00	1.026874990169965862e+00
-7.551338079939386161e-03	1.123371814506419208e-01
1.204360450742880895e+00	1.098849741695697269e+00
-1.316848586783372577e+00	-6.349096128750120194e-01
-1.308624789130956367e+00	-1.100321758513269410e+00
-1.951692743268624297e-01	1.166129651886471941e-01
1.309569313055591877e-01	4.121936354233206590e-01
-2.720500747384220208e-01	2.258127185653836799e-01
-1.500302800158858307e+00	-1.423501857138648186e+00
2.120822150585759402e-01	-3.381169836167874365e-01
-1.007185847970866632e+00	-8.376126113451537458e-01
6.117036634240420323e-01	3.353563374803570918e-01
3.713606378802514207e-01	1.470875736921009036e-01
-7.889819625838929706e-01	-5.402087782405794458e-01
-6.260382889279719754e-01	-1.006792748244340618e-01
-7.534894468991429894e-01	-7.444646812051833873e-01
-1.098341899594104110e-01	2.119256051838826205e-02
3.142932927080822614e-01	1.036481930941278495e+00
-7.480850334986445249e-01	-6.459421100134912219e-01
-1.954856226045293965e-01	9.083150409167657369e-01
-4.949114693027212297e-01	-2.549860461512413745e-01
-1.871315701933433662e-01	-9.341599424292319487e-01
-2.354897839666294235e-01	8.412599733321957096e-02
-8.128827699510668969e-01	-6.511709627570323455e-01
-6.650870537499944390e-01	-1.178913026704332956e-01
-9.898309104184188634e-01	-7.042242513476322241e-01
1.418641414204054430e+00	1.359899515101584910e+00
2.846479722504156595e-01	-2.347777787945486416e-01
-4.504401228749644326e-01	-5.391211804665536622e-01
3.317292801306380712e-01	-2.911598829491712781e-02
4.371969474457305938e-02	-2.025755460522635776e-01
-2.811054365737490901e-01	-3.139276795828635502e-02
8.004119869141834709e-02	7.885216780679221715e-01
4.519163640518129021e-01	6.193613130992720039e-01
-1.214358521012861569e-01	-6.288060657040130952e-01
-5.014794511803888355e-01	-3.128505142011321905e-01
-4.483347918693398881e-01	5.935295140374780010e-02
-1.498349577332608984e+00	-1.757058553350126617e+00
-1.042972540668895887e+00	-1.099831209078792504e+00
9.634102269104969363e-01	9.696419001683389549e-01
1.329669900966387930e+00	9.966657491329873331e-01
-3.136161195946213232e-01	-3.857402506569146405e-02
4.333443151328104093e-01	3.820303615012979881e-01
1.310908241187680456e-01	3.090833657274225654e-01
2.365363019275982914e+00	1.988831976971653370e+00
8.844579311152250822e-01	6.988600927282100361e-01
-2.436916233859294234e-01	6.278883064772836087e-02
-5.965792702179694151e-01	-7.547589802751155652e-01
-1.502273441687658861e+00	-7.695847316449526687e-01
2.286461537032672409e-01	5.909487958990056189e-02
-5.824835689084895129e-01	-4.871579129835704736e-01
-1.203517633011197852e+00	-8.078528522372783183e-01
-1.563152625913629135e-01	-7.580768793671073258e-01
-3.912459721371208121e-01	-1.138293882931901813e+00
1.516629868719747254e+00	8.693487132441928278e-01
3.555789162971068063e-01	8.912479851081254179e-01
1.114292824251270353e-01	-1.227042999030234366e-01
5.038025176296422325e-01	1.589154555143203806e+00
1.744026459702174014e-01	-6.498733599710157516e-02
-6.481691426782867360e-01	-5.698706558978229308e-01
7.498804421870748360e-01	1.404142285064680529e+00
-4.448961913326587858e-02	8.066235118111872993e-01
-1.170754737027881021e+00	-2.961328419399298917e-01
-3.909229567377741632e-01	1.217434167477688678e-01
-8.363920716071751027e-01	-4.019191377909897001e-01
-1.103481013932595678e+00	-8.520931196430353571e-01
4.897911058916231131e-01	8.200217429930760638e-01
1.467085601899586589e+00	1.233237307274144046e+00
-8.153704217469798232e-01	-1.162502809043284513e+00
3.987951953787500226e-01	3.973635343478842952e-01
-4.239721625623658618e-01	-4.961753829469957022e-01
-2.483054740171357633e-01	-4.405938502790960887e-01
-5.666118468919644213e-01	-2.711596750340640183e-01
-8.135845694480936530e-01	-4.082828947982711787e-01
1.555603951383186315e-02	5.306390479416382699e-02
-9.010019240583813094e-01	-2.741390002256103298e-01
4.334306899103117505e-01	-5.094697885608642784e-02
5.557667203805904954e-03	-7.660508293475933039e-02
-1.690080714928310357e-02	-3.210227614317555100e-01
-2.457922100085023209e-01	-1.037696629567717466e+00
-3.902996969490977741e-01	-4.253781411286140512e-01
5.599688048613264968e-01	5.083157115990950548e-01
3.315076725262883217e-02	6.752531131115586671e-01
-8.250513085216486520e-01	-5.574205766414130903e-01
2.875013813654277439e-01	-1.470242878456299307e-01
1.379985022517031257e-01	9.246233582131869744e-01
-1.439468156678531008e+00	-9.214274329805824948e-01
2.607321066279468247e-01	5.076952466894113503e-01
-4.205012206876362901e-01	-5.165902859642205192e-01
6.070019850253237648e-01	1.999463907711530597e-01
-4.607487447849110684e-01	-6.186627060029655789e-01
-1.507202832222199529e+00	-1.045285913022005131e+00
-1.550627421493369962e+00	-7.510651674987692816e-01
-2.933701973017988074e-01	3.613725810163121444e-01
2.873521645312537287e-01	7.995091985673541402e-02
-4.019416941270592125e-01	-8.769551417750611755e-01
4.216665718460215762e-01	4.814395441861222258e-01
-7.997294628558579976e-01	-1.550014743359894531e+00
-1.152796983711436851e-01	2.182875092522530702e-02
-8.250065300710573979e-01	-8.876290038865340959e-01
-3.620564608237048509e-01	-5.597790032745995070e-01
3.718035277600700295e-01	-3.047716839459327920e-01
-7.173551606678947312e-01	-4.994530897637466382e-01
-1.589189202471812390e-01	-3.849247458884043627e-01
9.597333076413074870e-01	4.633796308682757159e-01
2.013746735559971968e-01	-1.017222979458404231e+00
5.967603522088726908e-01	5.850867666418672064e-01
-1.174774714273485898e+00	-4.228720410891685377e-01
2.222183013022965836e-02	7.270344236794914483e-01
1.116307706019080914e+00	9.223781884067973058e-01
-1.619968117244199757e+00	-1.875465056200682046e+00
-6.629320756334587950e-01	-4.640480024436617890e-01
6.198411486494908029e-01	1.962620800767204965e-01
-2.075944990204951768e-01	-7.955503969878578718e-02
9.992959593652844807e-02	4.249499318039838824e-01
-6.873538620644796815e-01	-1.668101804614797734e-01
8.247411389632471057e-02	3.998233791085427369e-02
-6.687470185216559670e-02	-1.532861557920620066e-01
1.011994847005437848e+00	6.394983824898754499e-01
3.553105152449432813e-01	4.494891902032283060e-03
2.867645597777613298e-01	1.906777036222505328e-01
-3.691709880728643034e-01	-2.133110034466128568e-01
-5.385902329096198260e-01	-1.509891022712349096e-01
-1.354848431053080338e-01	-4.762448126247283975e-01
-3.772727806402109696e-02	5.955668475225316394e-01
-2.401669801112310543e-01	-3.551949822133809165e-01
2.094344539476314382e-01	2.003690787099985104e-01
1.626037511994330220e+00	1.309022444810002295e+00
1.130237203235000987e+00	1.017191668763383072e-01
-4.180677988153652103e-01	-4.299910202917672786e-02
6.930783151248205431e-01	1.005694704910809589e+00
-2.288742764868885726e-01	-3.482314505106491875e-01
-1.455382556854817988e+00	-1.426960802599063216e+00
-8.222719023266221727e-01	-6.033774306154313649e-01
-9.913836221505650803e-01	-1.654315684942216258e+00
-1.363285475171795436e-01	-3.607865889710576424e-01
-1.554652214818691425e-01	1.815127431286635562e-01
1.451495158752063919e+00	9.193452247359403806e-01
1.688995215923111692e-01	2.934456042959855959e-01
1.328469883027417198e-01	-4.427019276673545556e-01
4.875335697505742694e-01	6.854230518670553218e-01
-1.555948070973260489e+00	-1.571069471267714901e+00
5.092258496459172168e-01	-1.760165460762396772e-01
2.980054772227046511e-01	7.921625347336093137e-01
-8.896879553531595874e-01	-1.201348766567010840e+00
9.806367377668895324e-01	6.368757421554125386e-01
1.968059533088425961e-01	2.819002569843276351e-01
-5.373156777356276059e-01	-4.999012239251568457e-02
6.629326975386953258e-01	2.319559995325685131e-01
1.592538045718328688e+00	1.618706589772369586e+00
3.763314564033475029e-02	2.195645788013936284e-01
2.848855731081154086e-02	3.225483622953250196e-01
-3.622461131427471837e-01	-2.873883010109709035e-01
-5.230723544317413820e-01	-6.787890787717785201e-01
7.626944836598194000e-01	4.115776894211908288e-01
-6.236165557222335121e-01	-5.870688014063341065e-01
2.780400013667378434e-01	-1.768300580830628466e-01
2.819572014386243497e-01	-9.574668408223572236e-01
2.460815634628171766e-01	4.312982022108319824e-01
4.418120050853108216e-02	4.276882740382307868e-01
1.234905194933856531e+00	2.323978657394893954e-01
-1.464398256047341751e-01	-5.748322826883349723e-01
-3.221728497854198237e-01	-5.948794385102726401e-02
-1.128551160277134979e+00	-2.556297609408892391e-01
-3.185737885462843755e-01	-3.097517655243093859e-01
4.212244821171045595e-01	1.123589922369810090e-01
5.740699782389877548e-01	4.964735899829165744e-01
-9.437246858830377061e-01	-3.604140223191419357e-01
7.519339385054476521e-01	4.778745476279111504e-01
1.128114949005935896e+00	7.890464965824485200e-01
3.947479890813210268e-01	1.899372582160447354e-01
1.529326583041985987e+00	1.124863508882664176e+00
-5.731738935821090175e-01	-5.211292862079790478e-01
-1.224750127516693210e+00	-5.354574343777733780e-01
-1.326280613298388422e+00	-1.189209686369689711e+00
1.111395339392462489e+00	1.004330815826659284e+00
5.246089111065900257e-01	4.008038748604904611e-01
2.922985486045613368e-01	-3.709071440661722008e-01
1.063184060435842793e-02	3.853035877760965233e-01
-7.793291745449774099e-01	-8.123527004467605561e-01
1.767693381117848794e+00	1.691122238657112531e+00
-5.859872302367311603e-01	7.687335783319797500e-01
1.397873887025533057e-02	1.407288633130032995e-01
6.726734661849298469e-01	3.537155364503336008e-01
4.305689938205620737e-01	2.496807853281607370e-01
-8.531221287217824467e-02	4.019320364063931894e-01
-5.829781304198348169e-01	-5.349215651804122285e-01
6.384833059555899970e-01	2.827363893589707189e-02
1.135794379886390537e+00	1.525790187746997262e+00
1.093090402288794616e+00	8.096208740722101727e-01
7.291665991689062487e-01	1.523939535615969731e+00
-5.905968648356314521e-01	-1.323712780710863124e-01
-6.048649753616797131e-01	-7.946475828377943529e-01
-3.606893910451769436e-01	1.827998226711136653e-01
2.500913586992092180e-02	5.379779085080213519e-02
5.928096280787247263e-01	9.546108571765017370e-01
-1.299580575241503055e+00	-1.093925857937952939e+00
1.261094762070573028e+00	9.020160440427269499e-01
2.478907857270321036e-02	-2.482459917051825782e-01
-5.203381828604135562e-01	-8.336281577956564104e-02
-6.446492947630846349e-01	-7.866824392669926613e-01
-1.084533604895903558e+00	-1.255787144240270159e+00
7.846815978094541233e-01	3.794574061760658257e-01
-3.801529975389324190e-02	1.417025633173596144e-01
-1.349667706701318526e+00	-4.746124926434800440e-01
-6.893010530542200698e-01	-1.142216910739640046e+00
-2.425733605017236783e-01	-2.322979152717470352e-01
8.805992190988598534e-01	1.479753657858029259e+00
-1.666643145426918438e-01	-2.004532952304775018e-01
-1.158845124666303406e+00	-9.669200258188676012e-01
5.160111336767636558e-02	-3.991342874571395249e-01
-2.837023414177364256e-01	-1.019870296982239161e-01
-1.867287539661942164e+00	-1.946686126968875108e+00
-2.474971776076286267e-01	1.707126410109017778e-01
-4.151779910050122924e-01	8.858724636364076477e-02
-5.703716181084489412e-02	1.041621645140451857e+00
1.184450628638052727e+00	1.430368157066050250e+00
7.274899364185878348e-01	8.657136072630972068e-01
-2.313681538161554141e-01	-1.488978791352282838e-01
-7.075140894699565308e-01	-8.573498577897272765e-01
1.747836901000701992e+00	1.891443433621009973e+00
1.045378583473056122e-01	-2.079034582152013144e-02
-2.588647283689389511e-02	4.558546637443629257e-02
-2.965636583831209871e-01	2.624456329987220338e-01
3.535869996273064420e-01	-7.345284444997604578e-02
-3.438829842973568085e-01	1.397265318847507320e-01
-6.850425938897974909e-01	-1.262379964584004477e-01
-3.616415488795474142e-01	-4.117337825276066177e-01
4.269533368590944233e-01	-4.732734558106301281e-01
-2.553208260848062183e-01	-5.131978553820594202e-01
-7.791921785818543000e-01	-2.289239951606553691e-01
8.010858430140932462e-02	7.040648714692772370e-02
3.168789598681229225e-02	-3.922801349595392839e-01
1.170562572015854119e+00	9.564047101518274863e-01
-2.052841164578277144e+00	-1.696196291892725583e+00
6.558321926326996509e-01	8.877916007792072683e-01
9.318004418210261708e-01	8.304301372814095750e-01
-1.388293084652074683e+00	-1.543923502111433921e+00
-1.592122684705246094e-01	-3.254211747349106121e-01
-6.697560620710016344e-02	-4.583211041037554834e-01
-1.337933995190662140e+00	-6.525881326780198499e-01
-4.816249574671958023e-01	-6.183739511639366748e-01
-1.043494024507279683e+00	-5.270973981944617748e-01
9.163224440249089220e-01	1.561762182010295374e+00
4.498508150604455524e-01	8.733982585481587790e-01
9.906857253289114151e-01	8.075647353164371323e-01
4.246551248840418902e-01	5.959432956716861352e-01
-7.932275005322040329e-01	-8.034928269445663629e-01
-1.791877229882492539e-01	-5.625959513241538534e-01
2.772330764906092426e-01	4.148470650782951075e-01
-6.140627516587915391e-01	-1.114286970629511764e+00
2.522211801132597242e-01	7.561108697872577222e-01
-7.137550625609634380e-02	-2.684959312018522781e-01
-3.077107417787894317e-01	-2.223659277174871718e-01
4.426301821694068606e-01	5.628190471683152118e-01
3.690636389608935031e-01	2.592195614074467303e-01
-3.796981732805634335e-01	-1.307850739785948735e-01
9.205122443929489862e-01	7.190276867881041367e-01
-9.492572780764405582e-01	-5.795971415995225806e-01
7.210576522170738523e-01	1.500068366720077595e-01
3.925767641294842791e-01	4.461950787499477378e-01
-6.301913393730800284e-01	1.924265667109348599e-01
4.428131905148418035e-01	1.840855267768770620e-02
-7.408994745246415548e-01	-1.028442313268560948e+00
5.443694536611471957e-01	7.624020889004364809e-01
-1.688406032708338889e-01	-9.265050579860170665e-02
-4.440008687566615042e-01	-2.952411162259938049e-01
6.379892760175351896e-01	8.455337982154945697e-01
-6.326909562441577206e-01	-3.634014434933307003e-01
-1.231335418696134276e+00	-7.605296486988029070e-01
-1.187638709802837589e+00	-1.013767378980289013e+00
4.796922231412115711e-01	3.773352689848514241e-01
-1.048074705470877888e+00	-7.627258504899661062e-01
8.378010457823772406e-01	1.643852685553312432e+00
-1.444010535821885322e+00	-1.500282268710661615e+00
1.406304685944275601e+00	9.928469180657024662e-01
-8.563539256422661450e-02	3.840591565797893958e-01
-4.284979602559198936e-02	-9.392319844082330782e-02
7.557682929861742060e-02	-8.462087922597960610e-01
1.024665687435365458e-01	4.619971374060606317e-01
8.694850384194546811e-02	-1.401720104270416378e-01
7.993572518218670098e-01	7.609472331176579951e-01
1.034748207815214260e-02	1.511948078576932364e-01
6.586831013828345349e-02	1.466904793696696407e-01
-4.076101182258994315e-01	-1.066152037314194168e-01
5.211397303121186042e-02	-1.326472464153405084e-01
1.088025412378563483e-01	3.264948948517227834e-01
-1.154213502692190474e+00	-1.264329832144605925e+00
-1.110036424581972048e+00	-7.965856839536231693e-01
3.950279248357371209e-01	6.561062373561377115e-01
3.192566248507008875e-01	-7.761640490934458569e-02
-3.604674603387095777e-01	1.002757308180998452e-01
1.267297750269525958e-01	-1.006602568779957629e-01
7.436243625104149713e-02	4.171923255042028211e-01
-4.595811351427955271e-01	-3.037543251728694882e-01
-9.402821920399846434e-01	-1.604069062830333348e-01
1.858878013926749118e-01	9.107921449288484961e-02
-6.177127429846464013e-01	-7.659153081751679526e-01
2.927978125071538651e-01	2.845587715004422869e-01
-1.139594267985375886e+00	-1.268222556201844098e+00
5.580296270237794509e-01	8.974162330748720606e-01
6.770481421047325199e-01	-8.694372932826988087e-03
4.045601564573614306e-01	-4.247943381989835454e-02
9.213826646045899516e-01	4.683522525129171221e-01
9.760775908231138498e-01	1.379258956321657958e+00
3.543920568846384289e-01	1.080143846329280066e+00
-1.279537627070935102e+00	-1.323851677501423962e+00
-8.689850546451515223e-01	-9.406100458127042430e-01
-4.566737611721832790e-01	-4.269531454277131766e-01
-2.280224494739707952e-01	2.649207665386894006e-01
5.627615106383286880e-01	1.693188967938766831e-01
-5.637440689198899291e-01	-4.626126744501064536e-01
-7.480661144284841968e-02	3.389347027668742074e-01
-6.404345195328661200e-01	-4.278382681863607817e-01
-4.726247193174897276e-01	-3.921920513063218983e-01
-1.207013544513041436e+00	-7.823056563123281792e-01
-7.938232329122318909e-02	-1.226266654592555350e+00
-1.099584421228564368e+00	-8.119862800849827478e-01
-5.512961894742598457e-01	-8.287970000434345952e-01
1.133373139892092762e+00	3.567013787538680925e-01
-7.797688397493315327e-01	-5.628839449387486038e-01
1.569978227024492856e+00	2.152772190416237130e+00
3.779856660207676633e-01	3.196711999664120785e-01
-7.143633971129684235e-02	3.328340926570585445e-01
-9.489664738653895704e-01	-2.649347402353464109e-01
2.162583866191861159e-01	7.741293427048762110e-01
-7.549264223273886021e-01	-5.914839855303838378e-02
-7.115504712551935784e-02	2.437029817396170195e-01
1.794251246141628231e+00	1.826255028699764082e+00
2.719036601510506079e-01	-4.077528731418500474e-01
8.648566986391174050e-01	7.604612262677246104e-01
-3.183412028488653567e-01	-6.761004343051938426e-01
-4.852670940269592226e-01	4.357858962391939484e-01
1.289456152792940902e+00	1.214834122381694526e+00
-4.694683444479348378e-01	-4.171969718366818625e-01
1.164606951174379512e+00	1.398582380648436096e+00
4.912067173065849945e-01	5.097056686103558221e-01
-7.572986969707402594e-01	-3.814944588320129393e-02
5.792636765561834933e-01	3.150959249658394357e-01
6.464173710238978465e-01	7.289823217845248227e-01
5.971878366867218180e-01	2.821842450995392104e-01
-8.302974867203718468e-01	-1.390335608122205802e+00
-3.843878060687624387e-01	-6.439394496884365271e-01
-1.671654145646020717e-01	-1.828787967724192498e-01
3.843637177677643874e-02	-1.437011367039980891e-01
5.857661201627539782e-01	2.919967779799714225e-01
4.239785673025667778e-01	-1.726714017354852304e-01
-9.266016970750718951e-01	-9.618604054511564749e-01
5.880398727189330987e-01	-5.035891544119480701e-02
2.705171031841751006e-01	5.929815387878916155e-01
3.783435092736939787e-01	4.133197342772924610e-01
1.073420744775472002e+00	4.550340152553080109e-01
6.552651610191438936e-01	5.240788599073085141e-01
4.842458162800038490e-01	1.651328793364035263e-01
-1.173217885889775991e-01	1.809248783060170979e-02
-1.458829219443345204e+00	-8.901242593068463549e-01
7.015701068241890770e-01	-9.399819468430992142e-02
1.224566557884544105e-01	1.712580881355179052e-01
2.260045330982651257e-01	1.580659417169467673e-01
-1.045210311994933639e+00	-7.603848396706818225e-01
-8.096482450346444981e-01	-7.191965761028579207e-01
9.042083083327082660e-01	5.851747401026068385e-01
3.971184291931863924e-02	-9.565127796515464353e-02
6.507563488992175182e-01	3.130311800918701981e-01
-2.082314674984202529e-01	2.482796990865009934e-01
1.651988463111559238e-02	2.556165140763295984e-02
2.601633940157546676e-01	1.066770289750547107e+00
-3.520306248778901081e-01	-3.777668285582578278e-01
2.182434218041366947e-01	-8.230811542835900219e-02
-5.770677879442798197e-03	-6.479853049571664414e-01
7.526845893476558080e-02	-6.897389165694911561e-01
1.174282752276388786e-01	-5.546636853446778037e-01
1.004061763429806298e-01	2.137384161625039691e-01
-4.464432709675086874e-01	-2.306095227564065597e-01
1.223374872236393962e+00	5.525324715827704125e-01
-8.224491882899132023e-01	-4.427165915069154467e-01
-2.966548318623689340e-02	-2.346109304097160897e-01
-3.420763134657400228e-01	-2.797973129422719474e-01
6.811642325510145479e-01	1.365171515955962533e+00
-5.126313321902570275e-02	3.292335639109072454e-01
7.865882236157712981e-01	6.726603183613925063e-01
-8.613993938568962339e-01	-1.239500233416023889e+00
6.453020325563044723e-01	-2.676359247286578258e-01
7.816194249624547341e-01	4.765085117129770342e-01
1.029710538763130012e-01	1.339607972315416673e-02
9.628207997990354539e-01	5.439959970607562978e-01
-3.379343634427677268e-01	-3.936219783481365586e-01
9.802563857269958048e-01	1.012861878279255556e+00
1.673265609326257453e+00	1.577867295610146270e+00
-1.186792367561403660e-01	-3.944519763695554793e-01
-3.507949125861304918e-01	-2.792407952502509172e-01
9.339482503834360960e-01	1.121447788498945997e+00
1.348234750177389918e+00	8.856176010617544669e-01
-6.690218268657366352e-01	-7.041391475718017379e-02
-2.762032466688568721e-01	-3.180306487984875807e-01
-2.032504166213969787e-01	-1.952531988971301369e-01
-1.100905039687706033e+00	-8.004351069564070720e-01
-6.990576332787522551e-01	-6.001124085396436492e-01
-9.122255586074591305e-01	-5.078439322650338816e-01
-6.038230981406698117e-01	-4.820066315866279871e-01
1.053916671222171753e-01	-1.544435052739866476e-01
8.892834740154439976e-02	2.423013038591902424e-01
1.338990379807081021e+00	8.537484455967541130e-01
-7.289719034668485920e-01	-6.829139209959309564e-01
7.030701883536385477e-01	6.889718973195601004e-01
-1.071647105331354904e-01	-1.954612151671228648e-01
-7.709200725284425654e-03	-6.224304831047122732e-02
8.763699053601115008e-01	7.796897261562402148e-02
-6.774822238532917096e-01	-9.102864858150494509e-01
2.507091469599256328e-01	2.900999024772116797e-01
8.378882353171408781e-02	1.516101468101401228e-01
5.662184464857247246e-01	1.302128098823732427e-01
-6.402407016918776339e-02	4.729702881966602046e-01
1.919902811438983115e+00	1.552415946119561241e+00
-6.566031956666822378e-01	-2.452973393291328352e-01
-4.660931567204318338e-01	-2.848499386219547902e-01
-3.035413779735579576e-01	-5.777124057606538576e-01
-7.693819490157425278e-01	-1.618132648862541378e-02
-1.974921505567420743e-01	-7.039093693621618630e-01
6.457796073543907722e-01	1.035743696823720139e+00
7.921926237908600843e-01	1.216703749124987022e+00
-2.613185454156931598e-01	-5.458386038789946326e-01
-8.839507669731494488e-01	-2.931777732276808490e-01
3.863840125031497985e-01	2.802982608521614183e-01
-4.517218262232965409e-01	-3.292394924538112333e-01
3.923277791178253482e-01	5.027729816094740345e-01
1.719794306627497882e-01	1.149970575428766184e-01
-1.243791350716175970e+00	-8.997945338001137605e-01
9.259270452526879858e-01	1.262575798311192043e+00
1.640796925446824872e+00	8.989576362078972593e-01
-7.099993876900289047e-01	-1.566146892618388020e-01
7.852140541516183792e-02	-6.268142096298360277e-01
-1.689877060540259657e-02	4.211734831816472124e-01
-2.513588580839887232e-03	4.755069170082606433e-01
6.970900491741353067e-01	2.342321926629070683e-01
1.508576131579965063e+00	1.334282390287358844e+00
1.094347962496075022e-01	-3.596759651960095838e-01
-5.188897596346470076e-01	-6.100730303967054624e-01
-9.099820401943615744e-01	-1.040669918905770430e+00
-6.822365626332340671e-01	-3.514546129985359757e-01
-3.013827671080099302e-01	2.545341527895204625e-01
9.728747884245125821e-01	1.565013280625628500e+00
-2.467526124393217002e-01	-4.852603066951876598e-01
2.026246398609056754e-01	1.138593164425188708e-01
3.454984272485920327e-01	-3.687239096081219025e-01
1.011271799004032079e+00	6.693700857392064218e-01
1.582135114154772593e+00	1.991486993716048648e+00
-7.180977802819794586e-01	-3.266403822230090626e-02
-8.424101148792095817e-02	-6.079308860816756699e-01
8.640138854025365411e-01	6.126525882479311180e-01
4.877716032905675125e-01	4.765685894057547500e-01
1.246388116326896389e+00	1.365250429462751214e+00
5.846424212726724079e-01	2.411567378672158646e-01
-3.440148058755048144e-01	-1.641009417689400784e-01
5.181725407751792689e-01	3.171395314710687141e-01
7.870376097784528291e-01	7.809060305335070451e-01
4.642841253017429004e-01	6.960529030330285805e-01
3.573345381556287670e-01	3.600592764759829589e-01
8.468243330501864508e-01	6.616814796069061533e-01
8.500685919078080355e-01	8.035650905235183217e-01
9.960786095385328887e-01	9.585893809426511147e-01
5.371983530404405016e-01	3.802159680343579762e-01
-6.327139259403977145e-02	-1.730692631078118437e-01
-2.353820339266922690e-01	4.428665190664510254e-01
7.341416881788329629e-01	9.721196553820316000e-01
-5.149799117725839537e-01	-6.403415937239299582e-01
1.128450410642990176e-01	4.085377524287229778e-01
-2.073187340309271542e-01	-3.489463489701518650e-01
-2.285316567031414337e-01	2.691829751455735442e-01
8.255890312554133859e-01	9.824149316849731806e-01
1.578896689736766501e-01	1.123652247769292428e-01
-6.213950419162399957e-02	1.278107003838410138e-01
-6.283303448655109813e-01	-1.294796652584630392e+00
7.667044324484484363e-01	2.886574815965330387e-01
7.096959821093895560e-01	2.031565011576109692e-01
1.499329274793757216e+00	1.559974893772481774e+00
-5.851540084298882949e-01	1.498898543561015817e-01
-3.183675564801783375e-01	6.282929220610287135e-01
4.098981569746470988e-02	3.116919720408477534e-01
1.009182753759800377e+00	1.221673068491625269e+00
3.146779239707678810e-01	-4.494461583059600751e-01
3.124165100984830357e-01	8.217951583996470355e-02
5.969619142050677230e-01	2.627335743553298464e-01
2.636542404571600162e-01	2.509123731127826940e-04
-2.800075458975282983e-01	-3.513449264990715082e-01
2.373878847860161900e-01	3.709681549166810033e-02
1.179045186198414141e+00	3.392993954476337115e-01
-8.845116533512026313e-01	-5.672002050593971667e-01
3.215869186727792206e-01	-1.335394021099361173e-01
-5.458120998905243715e-01	-4.443082518961581351e-01
4.050461989903685334e-01	1.285004951303391207e+00
-8.820248656183999891e-01	-1.272086713155910376e+00
1.415376113466400576e-01	-9.319724680647439863e-01
3.273997322240379537e-01	2.060584173803929331e-01
8.734438500660421933e-01	1.340541464298135699e+00
-4.619206849091336275e-01	3.689357739701425998e-01
-1.317584934235802030e-01	-6.534122070490642198e-01
1.224813103590263852e+00	1.435544736966644752e+00
-9.251931944328525281e-01	-1.122607702040563815e+00
-1.532315562504231066e+00	-1.577265642374636068e+00
-2.498127322856023014e-01	8.720871351911638758e-01
-3.617779322396824648e-02	-6.738340999021992239e-01
-7.759469607530063984e-01	-6.682943395737310777e-01
4.016709434015893199e-01	6.000963513635787505e-01
-5.793692401953451365e-02	4.027231999510049731e-01
-4.196491905947568601e-01	-3.780784592379693443e-01
-9.706593099126120672e-01	-8.399645346536968038e-01
7.000017004825717093e-01	5.338392857630045452e-01
4.026712165237277263e-01	5.168521076163729022e-01
2.674149768083250445e-03	-1.429300013849531814e-01
1.173914232801614999e+00	1.437624851788905644e+00
-6.782580022097169925e-01	-8.350703872175722076e-01
-1.158704266946556150e+00	-9.987141195167434926e-01
-4.830453079727495269e-01	-4.954604683686975042e-01
-2.711055117755971078e-01	2.066371491910903857e-01
1.829692298842293396e-01	1.611647196083219047e-01
2.055373320829810280e-01	-5.466966368368234575e-01
-1.875321691541234626e-02	5.166347333725684887e-01
-6.928371782034745685e-01	-1.077106849331265437e+00
1.159580525388337113e+00	8.822109585662881726e-01
6.826918676870100122e-02	-1.844484974164033453e-01
4.984851103067701183e-01	1.081609807908085585e+00
6.953883322410585599e-01	-2.107014992246927232e-01
-3.426436811503122404e-01	9.885902783351641077e-01
1.788628282477576770e-01	6.269097868530569828e-01
2.692216337818728045e-01	3.639338837851428532e-01
4.661183979499437524e-01	4.428288459006028410e-01
8.792776004697091530e-01	1.000427934106089101e+00
2.841469086199251148e-02	2.495082126232511244e-01
3.644704700318190937e-01	6.382122597233411687e-01
-1.813142236155516340e-01	5.440878772558975507e-02
9.993137165941414768e-01	1.037319580901479465e+00
-4.364197829721038202e-01	-5.201433840848745938e-01
1.305547102029400719e+00	1.241367283219147799e+00
1.295033080486692259e-02	-6.974224924320675256e-02
-1.252219734200915813e+00	-7.712018199201776669e-01
-3.532889451974313699e-02	2.164958954864514840e-01
1.421743775296637202e-01	-1.105326868207316071e+00
4.552871879897376628e-01	7.335623201115673009e-01
-5.027846264781026253e-01	-4.201650561812366735e-01
-3.115306047141273571e-01	-3.194680578444042407e-01
-1.253689854341193177e+00	-1.418524274018348130e+00
-5.582891836505990968e-01	-8.136854737850013342e-02
-1.914942224653449099e+00	-1.512940792620986352e+00
-9.560363152435589207e-01	-1.283940539210989273e+00
4.513455301162938582e-01	6.240431896302450765e-01
7.617641406333844900e-01	3.495251010455521778e-01
5.935051349763608153e-01	8.182719114125269755e-03
-5.508085882340870709e-01	-8.167021878704729954e-01
-2.166783051794590742e-01	1.492042582442583143e-01
-2.047357346916805210e-01	1.996409750508194580e-01
-9.279293807787178938e-01	-7.102456728514711104e-01
9.092470896368876065e-01	1.216879178370895875e+00
5.108908750873463189e-01	7.298867753594924235e-01
-2.016646991768439312e-02	-2.923240615107924878e-01
-7.261344901496545601e-02	1.106357671568103107e-01
-2.244360432203137967e-02	3.171413974868481089e-01
-1.603733925138258520e+00	-1.283715216557420158e+00
-4.269874155001794902e-01	7.742580882766897377e-02
-6.324896224705692793e-01	-3.319817503727337527e-01
-7.828057244053847619e-01	-6.336988779322784149e-01
-4.257810704137670599e-01	2.824522382740041193e-02
1.276782342261175041e+00	1.265530324904804882e+00
6.402181966887847686e-01	2.660704690650003146e-01
-3.692928101490561277e-01	-4.384762637443386790e-01
5.628948809275242660e-01	2.468594540476637123e-01
