2.648078061455642285e+00	1.945618169644492301e+00
2.098376799236169266e+00	2.293912049144497090e+00
2.470634469068366368e+00	1.554664554292763956e+00
2.939708724661312722e+00	7.858192458299360084e-01
1.982544092847027706e+00	2.313686971056198693e+00
1.917911025313708162e+00	2.249030685284004960e+00
3.306571249688126102e+00	1.073227068124172678e+00
2.677398587558422527e+00	1.592081985354256268e+00
1.890675230776521776e+00	2.554612274552511941e+00
2.270107351733216206e+00	1.502811579692207467e+00
1.951775690081967607e+00	2.607147276301000627e+00
1.712596539181464816e+00	2.371237873081201375e+00
2.611322473744974726e+00	2.269136147713687546e+00
5.009077507875261404e-01	3.206694621403097134e+00
1.148552436774194163e+00	3.587954629493327552e+00
1.644385892213993339e+00	2.439580542019835097e+00
1.145633620291927057e+00	2.577993127062405243e+00
2.119558733473926981e+00	1.675145893778121620e+00
1.289974092530587813e+00	2.574114055093975839e+00
1.091329660805716362e+00	3.088628709423806740e+00
3.147280339052610287e+00	1.074539972368317997e+00
1.718651897949243557e+00	2.037947804159725429e+00
2.042583262253951926e+00	1.947083959341583626e+00
1.446995065358046340e+00	3.461893273267584892e+00
1.981530531038650400e+00	2.751403963183780554e+00
2.170992343056231455e+00	2.014124112314992665e+00
1.194186391438949002e+00	2.821937118833896641e+00
2.291121105973762617e+00	1.759803873072617542e+00
1.705431124984659208e+00	2.554862506353841489e+00
1.576774303911748998e+00	1.989291560928865055e+00
1.519931365728700801e+00	2.370873017313082975e+00
2.955798330824561226e+00	3.362814010042076696e-01
2.075144034020806494e+00	2.094231992299590228e+00
1.389376420916222710e+00	2.885205561715902256e+00
2.479127757957829914e+00	1.315873587600514760e+00
1.470626190483028450e+00	3.197159837809119942e+00
1.887664700634489323e+00	1.592286971892762804e+00
3.036631441172483736e-01	3.075055211085390372e+00
1.108444059032574813e+00	2.986782782739470399e+00
2.361325007939615084e+00	2.082921178267971740e+00
2.879389733291692899e+00	1.835040280502907351e+00
2.023831621493386024e+00	1.781480274073963477e+00
2.147047074907265873e+00	2.310598444325869583e+00
1.778918655033364438e+00	2.204743585016396334e+00
9.179072941559374144e-01	3.008853145200415469e+00
1.678445859064151335e+00	2.696459301371672446e+00
1.812657780631674376e+00	2.464099377877879693e+00
2.413095019498559424e+00	9.180984300937298226e-01
2.556196330889602741e+00	2.070246685502439288e+00
1.046103937191202871e+00	3.539419235913549677e+00
2.096460083944483799e+00	1.638136139078657738e+00
1.811668316956199343e+00	2.356256900550513400e+00
1.626143491698707866e+00	2.583455765200119103e+00
2.487817707977854731e+00	1.622776804517056526e+00
2.612289401955178558e+00	1.154235894441219656e+00
2.516041656049576858e+00	1.199012681227017207e+00
1.401162761373201171e+00	2.587995564495814804e+00
2.030127224812566578e+00	2.467419560394961131e+00
2.349553625374918298e+00	1.881076387965748831e+00
2.611195402514810304e+00	1.231566253031384672e+00
1.824874664449407824e+00	2.502529370350007998e+00
1.264452137548932376e+00	1.527013580323212327e+00
1.461393042634782979e+00	3.025986967401793848e+00
7.851051613229902415e-01	2.476796792498409339e+00
2.497657184670376562e+00	1.348572146862148990e+00
2.721488668564894020e+00	8.034756263267621712e-01
1.674437739428820571e+00	1.776275429995864075e+00
2.955853465184741236e+00	1.536643630698266261e+00
2.156500878327510584e+00	1.645070307062449944e+00
1.617336020185090373e+00	2.529673126502459901e+00
2.245591925495217023e+00	1.734501358803181237e+00
3.188751727010653791e+00	1.013639555288732064e+00
1.990963548835983143e+00	2.041629219231385406e+00
2.834206388586589576e+00	6.214661102534013715e-01
3.589005790885517744e-01	4.063779635252783962e+00
2.476431245855267971e+00	1.314085577219414214e+00
1.731350687429256574e+00	1.608247542962018661e+00
1.697752934826632476e+00	2.120613185104707199e+00
2.383243894802084206e+00	2.253474560131690119e+00
7.749358102183299124e-01	3.585782725398084736e+00
1.770708231919556397e+00	2.081371194971467276e+00
2.178427973631359649e+00	1.673394531705516108e+00
2.976799803177012649e+00	8.867420013531308598e-01
2.074072388769079289e+00	2.807017160425735902e+00
1.509329435322827928e+00	2.652712053626261390e+00
1.736429801449691501e+00	2.446021417503171147e+00
2.865843170006726837e+00	1.571269080127401629e+00
2.283116969049409306e+00	1.818192691123479143e+00
1.570451830136679661e+00	2.319645895109560207e+00
2.321282789584783846e+00	1.595413024551450176e+00
2.053455272623016636e+00	1.916166885733074476e+00
2.677039412614073743e+00	1.307168529877703378e+00
1.657927031915542582e+00	2.650780038782885928e+00
1.779327260635302554e+00	2.242711512230147530e+00
1.878154095992169648e+00	2.432678764068733290e+00
9.480160834632107569e-01	3.017738771847409573e+00
2.226069698852921608e+00	1.807292386934519657e+00
1.760711576961623281e+00	1.391523670515824040e+00
2.197998213638495013e+00	2.190766693904119933e+00
1.907623152484459128e+00	2.239379458061818262e+00
1.210891665315463550e+00	3.212528164509230955e+00
1.088170294407580840e+00	1.683052614811159309e+00
2.200675415975524185e+00	2.685346933269819658e+00
1.403092870746018184e+00	2.537684265662882410e+00
2.121034854925318847e+00	2.349127295780385261e+00
2.065109740937830729e+00	1.493695539342241307e+00
3.463723816405596789e+00	7.962541337567461408e-01
1.899981968859847825e+00	1.653091658263629249e+00
2.049794249176804861e+00	1.685562993622181871e+00
2.353386153046962637e+00	2.458668576786761317e+00
6.027740165266868289e-01	3.316326292293696909e+00
2.027376336597800144e+00	2.064872618849153962e+00
2.227158427620071990e+00	2.141980047856893332e+00
3.846925208731656110e+00	3.633748058464116859e-01
1.895888925721385343e+00	2.167928410986021959e+00
2.290646090526631262e+00	1.864193749300873781e+00
2.485296509753862182e+00	2.534386365244988948e+00
1.161397041943563746e+00	2.814157372792680079e+00
2.850757311724958498e+00	1.234561788048424091e+00
2.754574400841115711e+00	1.691180508019147766e+00
2.793861519080989009e+00	1.675173411302316229e+00
1.608773117549370468e+00	2.894841189572040285e+00
3.127420511276513437e+00	1.143569771530861701e+00
7.662736498696305354e-01	2.748790435297611801e+00
2.761473784541812471e+00	1.931532523314610561e+00
3.305709446602817181e+00	2.079373928059000676e-01
1.363783724397907182e+00	2.764613629420932028e+00
1.439560964697153445e+00	2.240426894242485201e+00
2.056858358064967973e+00	1.915930046049033164e+00
1.713729989729550374e+00	2.425752088105344484e+00
9.716855324235733615e-01	3.164654787313295081e+00
2.137984252356598169e+00	2.041021563509269665e+00
1.591157694713173809e+00	3.093482014023937410e+00
2.431089573251128400e+00	1.761328734809615382e+00
1.298075445440316500e+00	2.598337667068258305e+00
3.300482900487729410e+00	1.108544644123251377e+00
1.698481080224324868e+00	2.806168509019610013e+00
1.511853174715454884e+00	1.967316938851963570e+00
2.701971233155749719e+00	1.551484151127541455e+00
1.278388695390366925e+00	3.019093705132355421e+00
2.097715710888985896e+00	1.776038786475328646e+00
3.216120990517120415e+00	1.367541979453188672e+00
8.315061072543818987e-01	3.104830698858241256e+00
2.157194641946955205e+00	1.896082935137295422e+00
2.147050807951733198e+00	1.779521035698196307e+00
2.556137069377261817e+00	1.450472560736308258e+00
8.927886999477470109e-01	2.642101171258571579e+00
7.608152513246575488e-01	2.628222902073683365e+00
2.707314023283630355e+00	1.969177182421967043e+00
2.030332242512019381e+00	1.610332489808705914e+00
1.966819117183210786e+00	1.612568730946578377e+00
1.788172852704472238e+00	1.298221096173973965e+00
1.383605652584338763e+00	2.345305836589628434e+00
1.883558434707047313e+00	1.555102106270662476e+00
2.555557549611673362e+00	2.141090483114451715e+00
1.709091821653000665e+00	2.719337285326342446e+00
3.173323076330163417e+00	5.347194583392176348e-01
2.812864261170056945e+00	2.142763318117749005e+00
1.365885128692758688e+00	3.050642691339242596e+00
2.395346366671132987e+00	1.466839348916173957e+00
7.805919625069765999e-01	2.158999999538914860e+00
3.042535169190174749e+00	1.929429447842545997e+00
2.524477956309292725e+00	8.859763751715130642e-01
1.070648183974888701e+00	2.231268248987671399e+00
2.898129739836369900e+00	1.535710152192554467e+00
2.809429833862875814e+00	2.225669448700342556e+00
2.874932922769702692e+00	1.712364295418898674e+00
3.460858369370252596e+00	7.783880082869252259e-01
1.952650847591278493e+00	2.299682049287720353e+00
1.648064825592379545e+00	2.714008731677817643e+00
1.532011380530877931e+00	2.789974750833860817e+00
1.482784724149282862e+00	2.636514693470865200e+00
1.967585250595661028e+00	2.076623533731236648e+00
2.227952867250002633e+00	1.745491117633940048e+00
2.035709898429536313e+00	1.644410017433171056e+00
2.525366709628527495e+00	1.355552940273941465e+00
1.650063352843063047e+00	1.631675901012818342e+00
3.006942817553892588e+00	9.513352122665543753e-01
1.603147515823944769e+00	1.977428798763776863e+00
3.689343416715588297e+00	-1.575567106245698845e-01
2.480574936624564408e+00	1.595747687881289067e+00
1.689186356143189238e+00	2.901390197517677461e+00
1.437569022513320860e+00	2.952039717114949280e+00
2.008006028550053834e+00	1.325686995442237670e+00
1.632056119286689366e+00	1.948080220980175081e+00
2.704442297114481253e+00	1.694693114828353941e+00
2.126212483928196839e+00	1.456953417031062514e+00
1.900850294901225146e+00	2.003845930913460194e+00
1.517910090455507621e+00	2.715457251080184875e+00
7.234243757954632592e-01	2.865741865869456007e+00
1.706619769982254953e+00	2.338087270997808886e+00
2.322575852746390002e+00	1.111445063014168566e+00
2.023817796576860673e+00	1.721043520008691097e+00
1.186965654225646594e+00	2.948706330254236008e+00
1.784532405631159779e+00	1.539617591548088749e+00
2.365899334361242001e+00	1.820978270130657162e+00
1.370852607023432146e+00	2.620815780503387149e+00
2.225900882844446649e+00	2.008500753139040196e+00
2.088659140317535634e+00	2.006339581242845949e+00
1.481175836266729773e+00	3.097579932848412820e+00
2.279557997223020216e+00	1.773570259772808466e+00
2.305443870376841176e+00	1.512374787617911664e+00
2.791776096536652041e+00	1.260110339693134129e+00
2.860401493183253763e+00	1.370100339138895951e+00
1.036205433801522968e+00	2.984524138432410822e+00
1.345468352742500651e+00	2.671753243323556681e+00
2.215270005158044953e+00	1.486900145171107246e+00
2.222679009751883594e+00	1.496075949815080630e+00
2.066656201916178937e+00	1.338268778673282755e+00
5.095433836927037774e+00	-3.531512893387809271e-01
2.139817312842044572e+00	1.332456209989665519e+00
2.655978775429876926e+00	1.050046446121587929e+00
2.522183921488668989e+00	1.173021689028732606e+00
2.650445299679888400e+00	1.729238957672047938e+00
1.714502703926525928e+00	2.160360745496023860e+00
2.801358346750463912e+00	1.728013781705149299e+00
1.310661113888014428e+00	2.403601013630945360e+00
1.891727556468962401e+00	2.226639641942983694e+00
1.479592274188027412e+00	2.165999986209468098e+00
2.512948607635372422e+00	2.397161089307609849e+00
3.384783099999714828e+00	1.113615627469703995e-01
7.453670175908393425e-01	3.386078777501298376e+00
2.619703613352093452e+00	1.649185144807714387e+00
9.474177157116747683e-01	3.228142373002421461e+00
1.626988329423489699e+00	2.294400774538945864e+00
2.742465222356797128e+00	1.202456519371269961e+00
2.054746654076260448e+00	1.963840979281855414e+00
1.206735525477947713e+00	2.730896807202352061e+00
1.698673534493320147e+00	2.710265741344548118e+00
2.949470918069047709e+00	1.988374564567403802e+00
1.365290935469985367e+00	2.398185331549115507e+00
1.862480243814519154e+00	1.556361570735538713e+00
2.013496706513270951e+00	1.949048392459002299e+00
2.086487965428102775e+00	3.007990014259272371e+00
3.345512282983185592e+00	3.135174748896756292e-01
2.795957621890111433e+00	1.899460743081687220e+00
9.239020308354328748e-01	3.787886142625952246e+00
2.014409310445895329e+00	1.750723089735988447e+00
1.652745841166493701e+00	2.588653235036892486e+00
2.948196479946511683e+00	1.742673696858766608e+00
1.359178072646810342e+00	2.479971649400275702e+00
1.875683168246108590e+00	2.037944999867023821e+00
2.233686773758061683e+00	1.519526914998013511e+00
2.396918958986884007e+00	1.172556221696545720e+00
1.013529704640513618e+00	2.711005162366489252e+00
1.503834969103125641e+00	1.976891153459956030e+00
1.671393145245069656e+00	2.343067245674403498e+00
1.374690481395620667e+00	2.298637542796170052e+00
3.297958146249243327e+00	8.012288158946274663e-01
1.956310005402259078e+00	1.383579377248215003e+00
1.178610702388207088e+00	2.961769891187445936e+00
2.825844601276235490e+00	1.527791787365195608e+00
3.077655839818009831e+00	7.647376452863374752e-02
2.809412568201230975e+00	1.349286194050727694e+00
1.186071114831839690e+00	3.334784726946352862e+00
1.400991193259306433e+00	2.085801586469920643e+00
3.250647647778195370e+00	1.458964718276790196e+00
1.588489476912939624e+00	2.589285232868340003e+00
2.164272128057429079e+00	1.536616673528361288e+00
2.535918584220221206e+00	1.440420599984408634e+00
1.463000201647610687e+00	2.773877845930224240e+00
1.974032395378493510e+00	2.058213961226178945e+00
-1.776347111022102965e-01	4.406209520500439680e+00
1.080344189971089719e+00	2.529047085473427714e+00
1.857334203581121557e+00	2.214519508704829942e+00
8.177899183551551321e-01	2.582421817190900803e+00
3.130694492028332832e+00	8.221162866370654854e-01
7.969895667347357548e-01	2.819514899557609144e+00
1.532812096381516387e+00	2.155128977515897937e+00
2.354662508686152567e+00	2.169767411135674173e+00
3.250635952236604176e+00	1.212367719753225659e+00
1.113909844843723462e+00	3.144525572739893970e+00
2.590766447856179155e+00	9.458044942978576231e-01
1.940115498718070652e+00	1.925643765039579236e+00
1.563305460019858373e+00	2.951368305918392387e+00
2.356819197454503634e+00	1.703306196931659411e+00
2.632760554259129915e+00	2.351247633057269137e+00
1.659017889397623735e+00	2.507852737440817048e+00
2.090097297414697852e+00	1.991382242139893899e+00
1.661968638371470686e+00	2.206884352820130957e+00
2.108597188410653800e+00	1.948059419191749742e+00
2.435853353416129075e+00	1.499459173445219395e+00
3.271695779903336820e+00	1.028729288358784411e+00
1.327679475656425190e+00	3.078214941812973393e+00
3.341548820476773596e+00	3.249840930434302333e-01
3.372683248462027272e-01	3.097937365873976390e+00
1.503153748725539751e+00	1.717810288690950760e+00
2.523764319807114020e+00	1.691758147419173408e+00
1.964631852325615213e+00	1.567249342058185224e+00
1.102987885664422851e+00	1.983617991877920428e+00
1.935265315342921344e+00	2.229594624429788841e+00
2.180240755252888185e+00	2.877449363310021546e+00
1.581968348957033976e+00	2.415455981412260478e+00
2.778630157887012508e+00	1.577111349659257256e+00
2.269806699413234430e+00	1.764910557184242945e+00
1.489061263133772517e+00	2.468983410249841803e+00
2.831078736338345170e+00	1.558852391791495151e+00
2.155717045486738481e+00	1.721129895352283778e+00
2.631502791955915743e+00	1.481942159154527872e+00
2.513457233831029924e+00	1.623027586321392102e+00
1.272088619142087706e+00	2.444464606727714262e+00
1.814336149559041989e+00	2.606551773989864262e+00
2.491301806601779134e+00	1.434469055161778028e+00
2.271279195584746446e+00	1.408085288139474311e+00
2.099031265738932728e+00	2.128590583398247027e+00
1.892369147575482913e+00	1.726443170862456800e+00
2.909423638139217339e+00	1.102532614347219830e+00
1.579761428088820585e+00	2.416369709292339074e+00
2.617209503672708770e+00	1.843496967283238419e+00
1.957726906203904438e+00	2.243670497488106985e+00
1.840767125388835357e+00	2.148614835266464240e+00
2.950426991728054560e+00	1.396521865626155545e+00
2.878565053221739500e+00	1.711250057878383801e+00
2.693567615247795644e+00	1.543091254894492836e+00
2.925309039542441703e+00	1.079083205074139240e+00
1.736569470139189608e+00	1.706865552440204992e+00
2.256268842284472331e+00	1.291841701378504181e+00
1.715860334965557898e+00	2.154643790093535127e+00
2.099923162668253518e+00	1.641482710514081456e+00
1.868312360863792598e+00	2.052362433399231190e+00
2.080603768408619825e+00	1.943430759220451831e+00
2.533204370122563276e+00	1.691525233008051243e+00
1.406475557169236890e+00	2.563614344412193713e+00
3.582743814928007975e+00	6.236613519167379938e-01
1.302315376327607854e+00	2.725038801227554153e+00
7.223792567354692107e-01	2.439501260218854384e+00
2.619644923984441043e+00	9.818288199488929280e-01
2.529224472992997796e+00	1.409644354365792829e+00
2.184704348161887300e+00	1.302065638340914600e+00
2.571571472491571697e+00	1.682956731433797870e+00
2.316061512029449432e+00	2.333381064284858919e+00
1.624083780469088634e+00	2.892993081522898802e+00
2.008323846714431760e+00	1.901120012427163442e+00
1.837405129907484946e+00	2.795056406247690362e+00
2.721050906107322476e+00	1.342023354170301941e+00
1.824507995510175062e+00	2.032478538877573904e+00
1.286162979401222373e+00	2.453592310806164356e+00
1.708582382064085081e+00	2.163090598084440153e+00
2.209641893276539815e+00	1.625668630309506479e+00
1.637537285930726005e+00	2.434764193948815159e+00
1.452665267929834636e+00	2.615460502599653125e+00
2.172959038186204506e+00	1.828333278717461541e+00
2.265906106431059275e+00	1.919471059241070421e+00
1.894111259487609944e+00	2.611037173449943793e+00
1.868356470380949208e+00	2.534505230583624424e+00
1.849089657421181698e+00	1.520921488862185367e+00
4.342812564657412278e-01	2.482181771671369219e+00
1.202972004374395887e+00	3.193426362646546224e+00
1.202024460235418424e+00	2.218058021739190089e+00
1.801390129643268168e+00	2.103249986444069908e+00
1.971626391312164994e+00	1.531936695399064297e+00
2.660976609577259566e+00	5.745078382357404756e-01
2.721318525578059422e+00	1.508404654545965062e+00
2.047947509436681468e+00	2.274134747656975541e+00
1.864257186306024439e+00	1.891150165426913388e+00
7.414616153909241447e-01	2.159252239538995255e+00
1.871033289935301935e+00	1.897214817937797227e+00
1.879001699706348560e+00	2.287226661763366309e+00
1.914471962713196529e+00	1.458078997853550440e+00
1.453955903008905093e+00	2.623837122595292115e+00
2.363985732554778174e+00	1.629518848543720644e+00
3.206696363468116484e+00	1.039076205122875685e+00
1.948461788324030497e+00	2.102271865317429711e+00
2.077633988780479335e+00	1.509527823223904885e+00
2.741836643434539589e+00	1.765825650366379618e+00
1.682665082746864993e+00	2.250076515589547910e+00
2.152665145987674222e+00	1.835750518985536539e+00
1.810928141226790133e+00	1.793119797258338144e+00
1.975033065904577834e+00	1.836898202617128995e+00
1.265704540182047255e+00	2.358905460357542783e+00
1.980643910901158211e+00	1.945981290048033330e+00
2.715246170875921905e+00	2.010970233357979975e+00
2.735089305162084372e+00	6.828623340673132258e-01
2.336018844229424740e+00	9.794050319908824687e-01
3.834612271293686092e+00	7.895524376170128811e-01
1.412999077281793081e+00	2.498192407772013901e+00
2.474892076410113884e+00	1.241244401221797133e+00
2.350239472407563923e+00	2.090954721339701283e+00
3.419954047058442193e+00	3.231050399776251858e-01
1.815801956492376412e+00	2.958908354084549774e+00
1.550036785313252174e+00	2.737582803146225263e+00
1.472663756217756692e+00	2.320332964591381053e+00
9.558131108202629900e-01	3.959455249205420024e+00
1.499743520070189184e+00	2.243273402216881873e+00
1.620634348145668202e+00	2.694210053755292655e+00
2.169834010214923392e+00	1.957145077683626999e+00
2.517798995908377968e+00	2.034483059942268302e+00
3.657899669905292583e+00	1.004593423757274673e+00
2.678840246231854572e+00	1.334737964266450749e+00
1.432243447433131811e+00	2.248108421453520300e+00
1.462299720000839631e+00	2.732849932856654451e+00
2.204074241868099637e+00	1.508395477932262807e+00
1.493558079332218735e+00	3.360649786196137079e+00
3.324000430343205359e+00	7.339266047448873564e-01
2.756493703491587954e+00	1.088513488760583403e+00
1.707419323817747525e+00	2.370933894159461985e+00
5.028623170626813632e-01	2.925600402272645617e+00
2.751221874035415738e+00	8.365572007684272116e-01
2.173654343067260353e+00	2.335638145655627884e+00
2.735919988304761574e+00	9.853833721852458538e-01
6.504860338091906780e-01	2.905347253098966132e+00
1.690019096931885567e+00	2.537663383340796663e+00
2.255233690102213640e+00	2.247817978843746900e+00
2.185733324833555535e+00	2.119292731963116516e+00
1.893049275044644153e+00	2.529537968766431888e+00
2.279880929095656761e+00	1.399038107446659573e+00
9.434667654453166019e-01	2.453310056144768936e+00
2.217803462475981480e+00	2.419158461196791787e+00
2.016611126271366405e+00	1.846487412410160012e+00
2.310553470004390153e+00	1.583027093867105162e+00
2.784940231220007334e+00	1.778564819440222600e+00
1.322752153917617690e+00	2.913236253010380139e+00
1.011925867288144154e+00	3.181490933771215168e+00
3.362720296738612280e+00	1.555812406879987453e+00
2.098470659998386889e+00	1.628507677290233380e+00
1.667564708300999454e+00	2.726084519552943064e+00
3.108924390712294983e+00	9.152642296265238731e-01
2.138771344847321565e+00	1.975182708207812832e+00
3.158126152629481709e+00	1.490348080858018065e+00
2.155471008160923407e+00	2.059985456039911789e+00
3.571358674334796923e+00	6.570210103344784613e-01
3.468726576310523946e+00	9.862997503399300037e-01
1.746537597376418338e+00	2.098626072700192857e+00
2.508981153839871858e+00	1.134972338192497432e+00
2.234712210524868237e+00	1.322012789792137433e+00
2.550641431703443374e+00	6.151041211493830652e-01
1.753883479229296771e+00	3.118491323833660900e+00
2.251085804668768731e+00	1.280862525453112966e+00
2.701484150745356860e+00	1.204645886694886148e+00
6.976624143674454714e-01	3.184895648748105934e+00
1.228520689978215730e+00	2.901900926383571555e+00
7.310890930878464200e-01	3.614998895703802617e+00
1.992034592061377563e+00	2.373033391128874126e+00
2.383689591630523630e+00	1.368931601908089046e+00
3.026874990169965862e+00	9.022212715689006401e-01
2.112337181450641754e+00	2.007551338079939462e+00
3.098849741695697269e+00	7.956395492571193273e-01
1.365090387124987759e+00	3.316848586783372355e+00
8.996782414867305899e-01	3.308624789130956145e+00
2.116612965188647166e+00	2.195169274326862485e+00
2.412193635423320437e+00	1.869043068694440812e+00
2.225812718565383541e+00	2.272050074738422243e+00
5.764981428613515924e-01	3.500302800158857863e+00
1.661883016383212563e+00	1.787917784941424060e+00
1.162387388654846143e+00	3.007185847970866632e+00
2.335356337480357425e+00	1.388296336575958190e+00
2.147087573692100904e+00	1.628639362119748579e+00
1.459791221759420443e+00	2.788981962583892749e+00
1.899320725175565716e+00	2.626038288927972086e+00
1.255535318794816391e+00	2.753489446899142656e+00
2.021192560518388248e+00	2.109834189959410189e+00
3.036481930941278495e+00	1.685706707291917850e+00
1.354057889986508556e+00	2.748085033498644414e+00
2.908315040916765959e+00	2.195485622604529397e+00
1.745013953848758570e+00	2.494911469302721230e+00
1.065840057570768051e+00	2.187131570193343144e+00
2.084125997333219349e+00	2.235489783966629673e+00
1.348829037242967654e+00	2.812882769951066564e+00
1.882108697329566649e+00	2.665087053749994439e+00
1.295775748652367554e+00	2.989830910418418419e+00
3.359899515101584910e+00	5.813585857959457925e-01
1.765222221205451358e+00	1.715352027749584174e+00
1.460878819533446116e+00	2.450440122874964377e+00
1.970884011705082983e+00	1.668270719869362040e+00
1.797424453947736422e+00	1.956280305255426955e+00
1.968607232041713617e+00	2.281105436573748868e+00
2.788521678067922061e+00	1.919958801308581764e+00
2.619361313099272337e+00	1.548083635948187098e+00
1.371193934295986905e+00	2.121435852101285935e+00
1.687149485798867588e+00	2.501479451180388835e+00
2.059352951403747856e+00	2.448334791869339888e+00
2.429414466498731606e-01	3.498349577332608540e+00
9.001687909212072736e-01	3.042972540668895665e+00
2.969641900168339177e+00	1.036589773089503286e+00
2.996665749132987777e+00	6.703300990336122922e-01
1.961425974934308591e+00	2.313616119594621434e+00
2.382030361501298099e+00	1.566655684867189535e+00
2.309083365727422787e+00	1.868909175881231954e+00
3.988831976971654036e+00	-3.653630192759824702e-01
2.698860092728210258e+00	1.115542068884775029e+00
2.062788830647728222e+00	2.243691623385929645e+00
1.245241019724884435e+00	2.596579270217969082e+00
1.230415268355047109e+00	3.502273441687658639e+00
2.059094879589900451e+00	1.771353846296732648e+00
1.512842087016429415e+00	2.582483568908489513e+00
1.192147147762721460e+00	3.203517633011197852e+00
1.241923120632892452e+00	2.156315262591362636e+00
8.617061170680981874e-01	2.391245972137120646e+00
2.869348713244193050e+00	4.833701312802529682e-01
2.891247985108125640e+00	1.644421083702893416e+00
1.877295700096976550e+00	1.888570717574872937e+00
3.589154555143204028e+00	1.496197482370358101e+00
1.935012664002898397e+00	1.825597354029782515e+00
1.430129344102176958e+00	2.648169142678286736e+00
3.404142285064680529e+00	1.250119557812925386e+00
2.806623511811187299e+00	2.044489619133265990e+00
1.703867158060069942e+00	3.170754737027881021e+00
2.121743416747768674e+00	2.390922956737774108e+00
1.598080862209010133e+00	2.836392071607175325e+00
1.147906880356964310e+00	3.103481013932595456e+00
2.820021742993076064e+00	1.510208894108377109e+00
3.233237307274144268e+00	5.329143981004136332e-01
8.374971909567152650e-01	2.815370421746979268e+00
2.397363534347884517e+00	1.601204804621250144e+00
1.503824617053004298e+00	2.423972162562365806e+00
1.559406149720903745e+00	2.248305474017135541e+00
1.728840324965935871e+00	2.566611846891964532e+00
1.591717105201728710e+00	2.813584569448093653e+00
2.053063904794163896e+00	1.984443960486168113e+00
1.725860999774389448e+00	2.901001924058381309e+00
1.949053021143913655e+00	1.566569310089688249e+00
1.923394917065240683e+00	1.994442332796193984e+00
1.678977238568244434e+00	2.016900807149283104e+00
9.623033704322825344e-01	2.245792210008502376e+00
1.574621858871385838e+00	2.390299696949097719e+00
2.508315711599094833e+00	1.440031195138673503e+00
2.675253113111558889e+00	1.966849232747371223e+00
1.442579423358586688e+00	2.825051308521648430e+00
1.852975712154370180e+00	1.712498618634572090e+00
2.924623358213186641e+00	1.862001497748297041e+00
1.078572567019417283e+00	3.439468156678530786e+00
2.507695246689411128e+00	1.739267893372053120e+00
1.483409714035779370e+00	2.420501220687636401e+00
2.199946390771152949e+00	1.392998014974676124e+00
1.381337293997034310e+00	2.460748744784910791e+00
9.547140869779946470e-01	3.507202832222199085e+00
1.248934832501230385e+00	3.550627421493369962e+00
2.361372581016312200e+00	2.293370197301798807e+00
2.079950919856735414e+00	1.712647835468746216e+00
1.123044858224938825e+00	2.401941694127058824e+00
2.481439544186122337e+00	1.578333428153978479e+00
4.499852566401052467e-01	2.799729462855857776e+00
2.021828750925225293e+00	2.115279698371143713e+00
1.112370996113465793e+00	2.825006530071057398e+00
1.440220996725400493e+00	2.362056460823704906e+00
1.695228316054067319e+00	1.628196472239929804e+00
1.500546910236253195e+00	2.717355160667894509e+00
1.615075254111595582e+00	2.158918920247181017e+00
2.463379630868276049e+00	1.040266692358692513e+00
9.827770205415957694e-01	1.798625326444002637e+00
2.585086766641867317e+00	1.403239647791127531e+00
1.577127958910831351e+00	3.174774714273485898e+00
2.727034423679491226e+00	1.977778169869770508e+00
2.922378188406797417e+00	8.836922939809193078e-01
1.245349437993179542e-01	3.619968117244199313e+00
1.535951997556338267e+00	2.662932075633459128e+00
2.196262080076720746e+00	1.380158851350509419e+00
1.920444960301214143e+00	2.207594499020494982e+00
2.424949931803983993e+00	1.900070404063471718e+00
1.833189819538520116e+00	2.687353862064479681e+00
2.039982337910854149e+00	1.917525886103675248e+00
1.846713844207938049e+00	2.066874701852165597e+00
2.639498382489875450e+00	9.880051529945621525e-01
2.004494891902032450e+00	1.644689484755056608e+00
2.190677703622250672e+00	1.713235440222238726e+00
1.786688996553387199e+00	2.369170988072864414e+00
1.849010897728764924e+00	2.538590232909619715e+00
1.523755187375271714e+00	2.135484843105308173e+00
2.595566847522531528e+00	2.037727278064020986e+00
1.644805017786619139e+00	2.240166980111231165e+00
2.200369078709998760e+00	1.790565546052368617e+00
3.309022444810002739e+00	3.739624880056702239e-01
2.101719166876338640e+00	8.697627967649990133e-01
1.957000897970823328e+00	2.418067798815365155e+00
3.005694704910809811e+00	1.306921684875179679e+00
1.651768549489350812e+00	2.228874276486888739e+00
5.730391974009365619e-01	3.455382556854817544e+00
1.396622569384568635e+00	2.822271902326622062e+00
3.456843150577837420e-01	2.991383622150564747e+00
1.639213411028942247e+00	2.136328547517179377e+00
2.181512743128663612e+00	2.155465221481869253e+00
2.919345224735940381e+00	5.485048412479360813e-01
2.293445604295985429e+00	1.831100478407688747e+00
1.557298072332645500e+00	1.867153011697258336e+00
2.685423051867055655e+00	1.512466430249425953e+00
4.289305287322848770e-01	3.555948070973260045e+00
1.823983453923760489e+00	1.490774150354082783e+00
2.792162534733609203e+00	1.701994522777295238e+00
7.986512334329889384e-01	2.889687955353159587e+00
2.636875742155412539e+00	1.019363262233110579e+00
2.281900256984327413e+00	1.803194046691157570e+00
1.950009877607484121e+00	2.537315677735627606e+00
2.231955999532568402e+00	1.337067302461304674e+00
3.618706589772370030e+00	4.074619542816715345e-01
2.219564578801393573e+00	1.962366854359665291e+00
2.322548362295325131e+00	1.971511442689188431e+00
1.712611698989028985e+00	2.362246113142747017e+00
1.321210921228221480e+00	2.523072354431741271e+00
2.411577689421191106e+00	1.237305516340180711e+00
1.412931198593665894e+00	2.623616555722233734e+00
1.823169941916937153e+00	1.721959998633262101e+00
1.042533159177642776e+00	1.718042798561375539e+00
2.431298202210832038e+00	1.753918436537182934e+00
2.427688274038230620e+00	1.955818799491468862e+00
2.232397865739489617e+00	7.650948050661434685e-01
1.425167717311665028e+00	2.146439825604733898e+00
1.940512056148972597e+00	2.322172849785419935e+00
1.744370239059110705e+00	3.128551160277134979e+00
1.690248234475690614e+00	2.318573788546284487e+00
2.112358992236980981e+00	1.578775517882895496e+00
2.496473589982916685e+00	1.425930021761012245e+00
1.639585977680857898e+00	2.943724685883037928e+00
2.477874547627911372e+00	1.248066061494552459e+00
2.789046496582448853e+00	8.718850509940643256e-01
2.189937258216045013e+00	1.605252010918678973e+00
3.124863508882664398e+00	4.706734169580142346e-01
1.478870713792020730e+00	2.573173893582108906e+00
1.464542565622226400e+00	3.224750127516693432e+00
8.107903136303102887e-01	3.326280613298388644e+00
3.004330815826659506e+00	8.886046606075377330e-01
2.400803874860490517e+00	1.475391088893410085e+00
1.629092855933827799e+00	1.707701451395438497e+00
2.385303587776096634e+00	1.989368159395641600e+00
1.187647299553239222e+00	2.779329174544977299e+00
3.691122238657112753e+00	2.323066188821514277e-01
2.768733578331979750e+00	2.585987230236731271e+00
2.140728863313003494e+00	1.986021261129744753e+00
2.353715536450333712e+00	1.327326533815070153e+00
2.249680785328160848e+00	1.569431006179438093e+00
2.401932036406392967e+00	2.085312212872178161e+00
1.465078434819587549e+00	2.582978130419834706e+00
2.028273638935897072e+00	1.361516694044409892e+00
3.525790187746997262e+00	8.642056201136094629e-01
2.809620874072210395e+00	9.069095977112053841e-01
3.523939535615969731e+00	1.270833400831094195e+00
1.867628721928913604e+00	2.590596864835631230e+00
1.205352417162205647e+00	2.604864975361679491e+00
2.182799822671113610e+00	2.360689391045176944e+00
2.053797790850802052e+00	1.974990864130079071e+00
2.954610857176501959e+00	1.407190371921275496e+00
9.060741420620468389e-01	3.299580575241503055e+00
2.902016044042727394e+00	7.389052379294271944e-01
1.751754008294817533e+00	1.975210921427296817e+00
1.916637184220434165e+00	2.520338182860413667e+00
1.213317560733007339e+00	2.644649294763084413e+00
7.442128557597298411e-01	3.084533604895903114e+00
2.379457406176066048e+00	1.215318402190545877e+00
2.141702563317359420e+00	2.038015299753893395e+00
1.525387507356519734e+00	3.349667706701318526e+00
8.577830892603599544e-01	2.689301053054220070e+00
1.767702084728252965e+00	2.242573360501723734e+00
3.479753657858029037e+00	1.119400780901140147e+00
1.799546704769522387e+00	2.166664314542691816e+00
1.033079974181132066e+00	3.158845124666303406e+00
1.600865712542860475e+00	1.948398886632323634e+00
1.898012970301776070e+00	2.283702341417736204e+00
5.331387303112467002e-02	3.867287539661941942e+00
2.170712641010901667e+00	2.247497177607628682e+00
2.088587246363640570e+00	2.415177991005012181e+00
3.041621645140451857e+00	2.057037161810844950e+00
3.430368157066050472e+00	8.155493713619474949e-01
2.865713607263097096e+00	1.272510063581412165e+00
1.851102120864771772e+00	2.231368153816155164e+00
1.142650142210272612e+00	2.707514089469956531e+00
3.891443433621010417e+00	2.521630989992984517e-01
1.979209654178479827e+00	1.895462141652694443e+00
2.045585466374436390e+00	2.025886472836893937e+00
2.262445632998721923e+00	2.296563658383121265e+00
1.926547155550023982e+00	1.646413000372693558e+00
2.139726531884750482e+00	2.343882984297356753e+00
1.873762003541599386e+00	2.685042593889797491e+00
1.588266217472393382e+00	2.361641548879547248e+00
1.526726544189370038e+00	1.573046663140905466e+00
1.486802144617940691e+00	2.255320826084806107e+00
1.771076004839344575e+00	2.779192178581854300e+00
2.070406487146927876e+00	1.919891415698590675e+00
1.607719865040460716e+00	1.968312104013187680e+00
2.956404710151827597e+00	8.294374279841458808e-01
3.038037081072737511e-01	4.052841164578277144e+00
2.887791600779207268e+00	1.344167807367300460e+00
2.830430137281410019e+00	1.068199558178973829e+00
4.560764978885658572e-01	3.388293084652074683e+00
1.674578825265089499e+00	2.159212268470524609e+00
1.541678895896244406e+00	2.066975606207099858e+00
1.347411867321979928e+00	3.337933995190661918e+00
1.381626048836063214e+00	2.481624957467195802e+00
1.472902601805538003e+00	3.043494024507279683e+00
3.561762182010295597e+00	1.083677555975091300e+00
2.873398258548158779e+00	1.550149184939554559e+00
2.807564735316437243e+00	1.009314274671088807e+00
2.595943295671686357e+00	1.575344875115958221e+00
1.196507173055433526e+00	2.793227500532204033e+00
1.437404048675845925e+00	2.179187722988249032e+00
2.414847065078295163e+00	1.722766923509390757e+00
8.857130293704882362e-01	2.614062751658791317e+00
2.756110869787257833e+00	1.747778819886740553e+00
1.731504068798147777e+00	2.071375506256096344e+00
1.777634072282512800e+00	2.307710741778789210e+00
2.562819047168315212e+00	1.557369817830593250e+00
2.259219561407446619e+00	1.630936361039106552e+00
1.869214926021405043e+00	2.379698173280563545e+00
2.719027686788104248e+00	1.079487755607051014e+00
1.420402858400477308e+00	2.949257278076440336e+00
2.150006836672007982e+00	1.278942347782926259e+00
2.446195078749947793e+00	1.607423235870515832e+00
2.192426566710934832e+00	2.630191339373080250e+00
2.018408552677687595e+00	1.557186809485158197e+00
9.715576867314388299e-01	2.740899474524641555e+00
2.762402088900436592e+00	1.455630546338853026e+00
1.907349494201398210e+00	2.168840603270834055e+00
1.704758883774006195e+00	2.444000868756661227e+00
2.845533798215494681e+00	1.362010723982464810e+00
1.636598556506669189e+00	2.632690956244157832e+00
1.239470351301196871e+00	3.231335418696134276e+00
9.862326210197109866e-01	3.187638709802837589e+00
2.377335268984851702e+00	1.520307776858788484e+00
1.237274149510033894e+00	3.048074705470877888e+00
3.643852685553312654e+00	1.162198954217622981e+00
4.997177312893381629e-01	3.444010535821885099e+00
2.992846918065702688e+00	5.936953140557246211e-01
2.384059156579789285e+00	2.085635392564226809e+00
1.906076801559176692e+00	2.042849796025592024e+00
1.153791207740203939e+00	1.924423170701382357e+00
2.461997137406060521e+00	1.897533431256463565e+00
1.859827989572958362e+00	1.913051496158054476e+00
2.760947233117658328e+00	1.200642748178132990e+00
2.151194807857693458e+00	1.989652517921847830e+00
2.146690479369669724e+00	1.934131689861716463e+00
1.893384796268580583e+00	2.407610118225899321e+00
1.867352753584659464e+00	1.947886026968788098e+00
2.326494894851722783e+00	1.891197458762143624e+00
7.356701678553938528e-01	3.154213502692190474e+00
1.203414316046376609e+00	3.110036424581971826e+00
2.656106237356137711e+00	1.604972075164262879e+00
1.922383595090655373e+00	1.680743375149299057e+00
2.100275730818099706e+00	2.360467460338709689e+00
1.899339743122004265e+00	1.873270224973047293e+00
2.417192325504202710e+00	1.925637563748958669e+00
1.696245674827130401e+00	2.459581135142795638e+00
1.839593093716966443e+00	2.940282192039984643e+00
2.091079214492884919e+00	1.814112198607324977e+00
1.234084691824831825e+00	2.617712742984646290e+00
2.284558771500442287e+00	1.707202187492846246e+00
7.317774437981556801e-01	3.139594267985375886e+00
2.897416233074872061e+00	1.441970372976220771e+00
1.991305627067173178e+00	1.322951857895267480e+00
1.957520566180101618e+00	1.595439843542638680e+00
2.468352252512917122e+00	1.078617335395410048e+00
3.379258956321658403e+00	1.023922409176886372e+00
3.080143846329280066e+00	1.645607943115361849e+00
6.761483224985758156e-01	3.279537627070935102e+00
1.059389954187295757e+00	2.868985054645151411e+00
1.573046854572286879e+00	2.456673761172183390e+00
2.264920766538689456e+00	2.228022449473970656e+00
2.169318896793876572e+00	1.437238489361671423e+00
1.537387325549893546e+00	2.563744068919890040e+00
2.338934702766874096e+00	2.074806611442848503e+00
1.572161731813639163e+00	2.640434519532866009e+00
1.607807948693678046e+00	2.472624719317489728e+00
1.217694343687671710e+00	3.207013544513041214e+00
7.737333454074446504e-01	2.079382323291222967e+00
1.188013719915017141e+00	3.099584421228564146e+00
1.171202999956565405e+00	2.551296189474259624e+00
2.356701378753868426e+00	8.666268601079072376e-01
1.437116055061251174e+00	2.779768839749331200e+00
4.152772190416238018e+00	4.300217729755075879e-01
2.319671199966411912e+00	1.622014333979232337e+00
2.332834092657058545e+00	2.071436339711296704e+00
1.735065259764653423e+00	2.948966473865389570e+00
2.774129342704876322e+00	1.783741613380814162e+00
1.940851601446961450e+00	2.754926422327388380e+00
2.243702981739617019e+00	2.071155047125519566e+00
3.826255028699764082e+00	2.057487538583719910e-01
1.592247126858150175e+00	1.728096339848949281e+00
2.760461226267724832e+00	1.135143301360882706e+00
1.323899565694806046e+00	2.318341202848865024e+00
2.435785896239194059e+00	2.485267094026959445e+00
3.214834122381694748e+00	7.105438472070593203e-01
1.582803028163318082e+00	2.469468344447934616e+00
3.398582380648436541e+00	8.353930488256207099e-01
2.509705668610355822e+00	1.508793282693415172e+00
1.961850554116798540e+00	2.757298696970740259e+00
2.315095924965839380e+00	1.420736323443816618e+00
2.728982321784524601e+00	1.353582628976102376e+00
2.282184245099539321e+00	1.402812163313278404e+00
6.096643918777941984e-01	2.830297486720371847e+00
1.356060550311563473e+00	2.384387806068762217e+00
1.817121203227580750e+00	2.167165414564601988e+00
1.856298863296002022e+00	1.961563628223223610e+00
2.291996777979971700e+00	1.414233879837246022e+00
1.827328598264514881e+00	1.576021432697433333e+00
1.038139594548843414e+00	2.926601697075071673e+00
1.949641084558805249e+00	1.411960127281066901e+00
2.592981538787891616e+00	1.729482896815824899e+00
2.413319734277292739e+00	1.621656490726306021e+00
2.455034015255308066e+00	9.265792552245282199e-01
2.524078859907308736e+00	1.344734838980856217e+00
2.165132879336403526e+00	1.515754183719996151e+00
2.018092487830601911e+00	2.117321788588977682e+00
1.109875740693153423e+00	3.458829219443344982e+00
1.906001805315690190e+00	1.298429893175810923e+00
2.171258088135517905e+00	1.877543344211545673e+00
2.158065941716946767e+00	1.773995466901734819e+00
1.239615160329318178e+00	3.045210311994933416e+00
1.280803423897141968e+00	2.809648245034644276e+00
2.585174740102607061e+00	1.095791691667291845e+00
1.904348722034845398e+00	1.960288157080681382e+00
2.313031180091870365e+00	1.349243651100782593e+00
2.248279699086500827e+00	2.208231467498420475e+00
2.025561651407632890e+00	1.983480115368884356e+00
3.066770289750547107e+00	1.739836605984245388e+00
1.622233171441742172e+00	2.352030624877889942e+00
1.917691884571641081e+00	1.781756578195863305e+00
1.352014695042833559e+00	2.005770677879442854e+00
1.310261083430508844e+00	1.924731541065234364e+00
1.445336314655322196e+00	1.882571724772361010e+00
2.213738416162503775e+00	1.899593823657019342e+00
1.769390477243593329e+00	2.446443270967508798e+00
2.552532471582770413e+00	7.766251277636060379e-01
1.557283408493084442e+00	2.822449188289913202e+00
1.765389069590283855e+00	2.029665483186236852e+00
1.720202687057728053e+00	2.342076313465740078e+00
3.365171515955962533e+00	1.318835767448985674e+00
2.329233563910907190e+00	2.051263133219025647e+00
2.672660318361392839e+00	1.213411776384228702e+00
7.604997665839758891e-01	2.861399393856896012e+00
1.732364075271342285e+00	1.354697967443695639e+00
2.476508511712977256e+00	1.218380575037545377e+00
2.013396079723154042e+00	1.897028946123687110e+00
2.543995997060756409e+00	1.037179200200964768e+00
1.606378021651863275e+00	2.337934363442767616e+00
3.012861878279255556e+00	1.019743614273004306e+00
3.577867295610146492e+00	3.267343906737429915e-01
1.605548023630444465e+00	2.118679236756140227e+00
1.720759204749748861e+00	2.350794912586130714e+00
3.121447788498945997e+00	1.066051749616564237e+00
2.885617601061754911e+00	6.517652498226103042e-01
1.929586085242819715e+00	2.669021826865736635e+00
1.681969351201512364e+00	2.276203246668856650e+00
1.804746801102869780e+00	2.203250416621397090e+00
1.199564893043592928e+00	3.100905039687705589e+00
1.399887591460356351e+00	2.699057633278751922e+00
1.492156067734966118e+00	2.912225558607459242e+00
1.517993368413371957e+00	2.603823098140670034e+00
1.845556494726013463e+00	1.894608332877782741e+00
2.242301303859190131e+00	1.911071652598455684e+00
2.853748445596754557e+00	6.610096201929192006e-01
1.317086079004068822e+00	2.728971903466848481e+00
2.688971897319560433e+00	1.296929811646361674e+00
1.804538784832877107e+00	2.107164710533135477e+00
1.937756951689528773e+00	2.007709200725284582e+00
2.077968972615624299e+00	1.123630094639888499e+00
1.089713514184950327e+00	2.677482223853291821e+00
2.290099902477211735e+00	1.749290853040074367e+00
2.151610146810140289e+00	1.916211176468285871e+00
2.130212809882373381e+00	1.433781553514275275e+00
2.472970288196660427e+00	2.064024070169187652e+00
3.552415946119561685e+00	8.009718856101732953e-02
1.754702660670867109e+00	2.656603195666682460e+00
1.715150061378045265e+00	2.466093156720431612e+00
1.422287594239346031e+00	2.303541377973557847e+00
1.983818673511374531e+00	2.769381949015742528e+00
1.296090630637838137e+00	2.197492150556741741e+00
3.035743696823720583e+00	1.354220392645609561e+00
3.216703749124986800e+00	1.207807376209139916e+00
1.454161396121005367e+00	2.261318545415693215e+00
1.706822226772318984e+00	2.883950766973149449e+00
2.280298260852161363e+00	1.613615987496850313e+00
1.670760507546188656e+00	2.451721826223296485e+00
2.502772981609473923e+00	1.607672220882174763e+00
2.114997057542876480e+00	1.828020569337250212e+00
1.100205466199886128e+00	3.243791350716175970e+00
3.262575798311192266e+00	1.074072954747312236e+00
2.898957636207897703e+00	3.592030745531751279e-01
1.843385310738161031e+00	2.709999387690028794e+00
1.373185790370163861e+00	1.921478594584838051e+00
2.421173483181647157e+00	2.016898770605402902e+00
2.475506917008260643e+00	2.002513588580840054e+00
2.234232192662906957e+00	1.302909950825864804e+00
3.334282390287358844e+00	4.914238684200351592e-01
1.640324034803990472e+00	1.890565203750392387e+00
1.389926969603294538e+00	2.518889759634646897e+00
9.593300810942293477e-01	2.909982040194361463e+00
1.648545387001463913e+00	2.682236562633233845e+00
2.254534152789520185e+00	2.301382767108009819e+00
3.565013280625628944e+00	1.027125211575487640e+00
1.514739693304812285e+00	2.246752612439321783e+00
2.113859316442519010e+00	1.797375360139094269e+00
1.631276090391878153e+00	1.654501572751407856e+00
2.669370085739206644e+00	9.887282009959681428e-01
3.991486993716049092e+00	4.178648858452276293e-01
1.967335961777699094e+00	2.718097780281979237e+00
1.392069113918324330e+00	2.084241011487920847e+00
2.612652588247931007e+00	1.135986114597463459e+00
2.476568589405754750e+00	1.512228396709432543e+00
3.365250429462751214e+00	7.536118836731038328e-01
2.241156737867215920e+00	1.415357578727327592e+00
1.835899058231059922e+00	2.344014805875504592e+00
2.317139531471068992e+00	1.481827459224820842e+00
2.780906030533507156e+00	1.212962390221547171e+00
2.696052903033028691e+00	1.535715874698257100e+00
2.360059276475983125e+00	1.642665461844371233e+00
2.661681479606906375e+00	1.153175666949813660e+00
2.803565090523518322e+00	1.149931408092192076e+00
2.958589380942651115e+00	1.003921390461467222e+00
2.380215968034358198e+00	1.462801646959559498e+00
1.826930736892188101e+00	2.063271392594039799e+00
2.442866519066451136e+00	2.235382033926692102e+00
2.972119655382031489e+00	1.265858311821167259e+00
1.359658406276069931e+00	2.514979911772583954e+00
2.408537752428722811e+00	1.887154958935701066e+00
1.651053651029848135e+00	2.207318734030927043e+00
2.269182975145573433e+00	2.228531656703141461e+00
2.982414931684973514e+00	1.174410968744586725e+00
2.112365224776929118e+00	1.842110331026323378e+00
2.127810700383840903e+00	2.062139504191624173e+00
7.052033474153693859e-01	2.628330344865510870e+00
2.288657481596533039e+00	1.233295567551551564e+00
2.203156501157610858e+00	1.290304017890610666e+00
3.559974893772482218e+00	5.006707252062430058e-01
2.149889854356101360e+00	2.585154008429888073e+00
2.628292922061028491e+00	2.318367556480178671e+00
2.311691972040847531e+00	1.959010184302535373e+00
3.221673068491625269e+00	9.908172462401996228e-01
1.550553841694040091e+00	1.685322076029232008e+00
2.082179515839964967e+00	1.687583489901516964e+00
2.262733574355329846e+00	1.403038085794932277e+00
2.000250912373112921e+00	1.736345759542839984e+00
1.648655073500928436e+00	2.280007545897528409e+00
2.037096815491667989e+00	1.762612115213983754e+00
2.339299395447634211e+00	8.209548138015860808e-01
1.432799794940602833e+00	2.884511653351202298e+00
1.866460597890063910e+00	1.678413081327220890e+00
1.555691748103841698e+00	2.545812099890524038e+00
3.285004951303391429e+00	1.594953801009631578e+00
7.279132868440894022e-01	2.882024865618399545e+00
1.068027531935255903e+00	1.858462388653359998e+00
2.206058417380392989e+00	1.672600267775962157e+00
3.340541464298135921e+00	1.126556149933957807e+00
2.368935773970142655e+00	2.461920684909133517e+00
1.346587792950935780e+00	2.131758493423580259e+00
3.435544736966645196e+00	7.751868964097363701e-01
8.773922979594361848e-01	2.925193194432852639e+00
4.227343576253634883e-01	3.532315562504230400e+00
2.872087135191163654e+00	2.249812732285602301e+00
1.326165900097800776e+00	2.036177793223968191e+00
1.331705660426268700e+00	2.775946960753006287e+00
2.600096351363578862e+00	1.598329056598410736e+00
2.402723199951005029e+00	2.057936924019534430e+00
1.621921540762030656e+00	2.419649190594756583e+00
1.160035465346302974e+00	2.970659309912611956e+00
2.533839285763004767e+00	1.299998299517428402e+00
2.516852107616372791e+00	1.597328783476272385e+00
1.857069998615046735e+00	1.997325850231916666e+00
3.437624851788905644e+00	8.260857671983852235e-01
1.164929612782427792e+00	2.678258002209716881e+00
1.001285880483256285e+00	3.158704266946555705e+00
1.504539531631302385e+00	2.483045307972749249e+00
2.206637149191090330e+00	2.271105511775596941e+00
2.161164719608322127e+00	1.817030770115770633e+00
1.453303363163176654e+00	1.794462667917018805e+00
2.516634733372568711e+00	2.018753216915412541e+00
9.228931506687343411e-01	2.692837178203474124e+00
2.882210958566288284e+00	8.404194746116631087e-01
1.815551502583596655e+00	1.931730813231298916e+00
3.081609807908085585e+00	1.501514889693230215e+00
1.789298500775307499e+00	1.304611667758941440e+00
2.988590278335164108e+00	2.342643681150312407e+00
2.626909786853056872e+00	1.821137171752242434e+00
2.363933883785143131e+00	1.730778366218127307e+00
2.442828845900602897e+00	1.533881602050056303e+00
3.000427934106089545e+00	1.120722399530290847e+00
2.249508212623251069e+00	1.971585309138007558e+00
2.638212259723341280e+00	1.635529529968180906e+00
2.054408787725589658e+00	2.181314223615551828e+00
3.037319580901479910e+00	1.000686283405858745e+00
1.479856615915125406e+00	2.436419782972103931e+00
3.241367283219148021e+00	6.944528979705995031e-01
1.930257750756793289e+00	1.987049669195133150e+00
1.228798180079822000e+00	3.252219734200915813e+00
2.216495895486451317e+00	2.035328894519742970e+00
8.946731317926841509e-01	1.857825622470336224e+00
2.733562320111567523e+00	1.544712812010262448e+00
1.579834943818763104e+00	2.502784626478102403e+00
1.680531942155595759e+00	2.311530604714127080e+00
5.814757259816516477e-01	3.253689854341192955e+00
1.918631452621499811e+00	2.558289183650598986e+00
4.870592073790134258e-01	3.914942224653448655e+00
7.160594607890105046e-01	2.956036315243558477e+00
2.624043189630245188e+00	1.548654469883706364e+00
2.349525101045552233e+00	1.238235859366615621e+00
2.008182719114125270e+00	1.406494865023639296e+00
1.183297812129526783e+00	2.550808588234087182e+00
2.149204258244258092e+00	2.216678305179458963e+00
2.199640975050819236e+00	2.204735734691680715e+00
1.289754327148528779e+00	2.927929380778717672e+00
3.216879178370896319e+00	1.090752910363112615e+00
2.729886775359492646e+00	1.489109124912653792e+00
1.707675938489207512e+00	2.020166469917684449e+00
2.110635767156810338e+00	2.072613449014965248e+00
2.317141397486848220e+00	2.022443604322031518e+00
7.162847834425796201e-01	3.603733925138258520e+00
2.077425808827668696e+00	2.426987415500179601e+00
1.668018249627266192e+00	2.632489622470568946e+00
1.366301122067721474e+00	2.782805724405384762e+00
2.028245223827400245e+00	2.425781070413767004e+00
3.265530324904805326e+00	7.232176577388251815e-01
2.266070469065000204e+00	1.359781803311215231e+00
1.561523736255661321e+00	2.369292810149056017e+00
2.246859454047663629e+00	1.437105119072475734e+00
